w Re(f(w)) Im(f(w))
0,034 2,44177541223368E-06 -4,4504027827597E-06
0,0396193656093489 2,25510243330202E-06 2,85189436305615E-06
0,0452387312186978 -1,69622540824859E-05 1,19829172034231E-05
0,0508580968280467 -6,47174044328184E-06 -9,32232124493662E-06
0,0564774624373957 9,03803187356617E-06 5,38162440635504E-06
0,0620968280467446 5,59765192868701E-06 6,92648748251714E-06
0,0677161936560935 -3,52958389801818E-07 3,778950147492E-06
0,0733355592654424 -6,73745253112335E-06 -5,55384105046237E-07
0,0789549248747913 2,87418672327961E-06 1,49629264875267E-06
0,0845742904841402 -8,57889288337859E-06 6,48171233912286E-07
0,0901936560934891 8,03427528138985E-06 -1,1250925657551E-05
0,0958130217028381 3,41433653148745E-05 -2,01971599014947E-05
0,101432387312187 -5,60839680551055E-06 7,48987216470781E-06
0,107051752921536 -1,56510291750895E-05 4,73605590285262E-05
0,112671118530885 -2,59380116493563E-05 2,0851214041792E-05
0,118290484140234 -7,25480462127162E-05 -8,750213152458E-05
0,123909849749583 4,48162797630117E-05 -9,72219672602763E-05
0,129529215358932 0,000122906308413897 4,02591239965238E-05
0,13514858096828 2,1493356385061E-05 0,000145197847720751
0,140767946577629 -6,15457048024481E-05 -2,14296038802314E-05
0,146387312186978 -0,000156609704911815 0,000122226016678448
0,152006677796327 -4,2110392495064E-05 -2,52154278868962E-05
0,157626043405676 4,41668383291123E-05 -0,00030151636924462
0,163245409015025 0,000229918247875626 -0,000161382757035441
0,168864774624374 0,000144147992123876 0,000312565636030235
0,174484140233723 -6,73671859171297E-05 0,000235305903323529
0,180103505843072 -0,000191272683386878 8,72729268982517E-05
0,185722871452421 -0,00020409050884563 -0,000157034856443256
0,19134223706177 -0,000284670795290617 -0,000108385524024791
0,196961602671119 0,000214001697921837 -0,000334042388270191
0,202580968280467 0,000261880679165179 -0,00031471856435911
0,208200333889816 0,000436532858807631 0,000354860392190202
0,213819699499165 7,19292310829388E-05 0,000522597373083094
0,219439065108514 -0,000545478353853535 0,000167452675540037
0,225058430717863 -0,000364445908160624 -8,49220207800985E-05
0,230677796327212 -0,000199583984065201 -0,000469473984327937
0,236297161936561 0,00034963437711411 -0,000449372279963946
0,24191652754591 0,000195856303911423 -0,000160857372689834
0,247535893155259 0,00075307898208031 1,88531543641402E-05
0,253155258764608 0,000207554248877978 0,00055218087120692
0,258774624373957 1,36162480034884E-05 0,000646701779502107
0,264393989983306 -0,000755013054458481 0,000397089994550424
0,270013355592654 -0,000598896555291491 -0,0003349796507353
0,275632721202003 -0,000194470975617451 -0,000558175557266277
0,281252086811352 0,000382390494390919 -0,000299711142839176
0,286871452420701 0,000304986983919123 -0,000132758897485011
0,29249081803005 0,000425555595494679 0,000351445382767647
0,298110183639399 -1,00549122266854E-05 0,000194074145267525
0,303729549248748 3,37061014752587E-06 0,000601265313744532
0,309348914858097 -0,000620645499185187 0,000111819412576778
0,314968280467446 -0,000577802313084978 -0,00018117781482951
0,320587646076795 -0,000386788209673974 -0,000552404737618183
0,326207011686144 0,000177469592488433 -0,000937266721564978
0,331826377295492 0,000692802309764289 -0,000266158415783406
0,337445742904841 0,000697435377714767 -9,00723040526455E-06
0,34306510851419 0,000348928845554488 0,000636631279203884
0,348684474123539 7,6529448214216E-05 0,00047770209255392
0,354303839732888 -0,0004442316807387 0,000514216381993618
0,359923205342237 -0,000203137449338945 -6,37218469189089E-05
0,365542570951586 -0,000422661930412333 -4,52011597417368E-05
0,371161936560935 9,27737848847489E-05 -0,000388868206402726
0,376781302170284 8,41256799093634E-05 -0,000115373906623682
0,382400667779633 0,000184865181346967 -0,00020030952152336
0,388020033388982 0,000332729021065814 0,000130389320388313
0,393639398998331 8,70891743430917E-05 0,000397177838680165
0,39925876460768 -0,000230606545567697 0,00031402004707733
0,404878130217028 -0,000324139167832555 0,000262207916721542
0,410497495826377 -0,00044459331143154 -0,00017544949439557
0,416116861435726 -0,000146906135753377 -0,000266005336480499
0,421736227045075 -4,35783497552605E-05 -0,000333065479507319
0,427355592654424 0,000156362164190446 -0,000213545013683385
0,432974958263773 0,000120768232416297 -0,000144922395697729
0,438594323873122 0,000234953916847022 -1,91605319983395E-05
0,444213689482471 0,000135947757545401 3,49610085101263E-05
0,44983305509182 0,00014942296543515 9,50269538246397E-05
0,455452420701169 4,84739807599908E-06 0,000167912364466004
0,461071786310518 -8,96522809964034E-05 5,96734609989721E-05
0,466691151919866 -5,24798627402863E-05 7,716220611651E-06
0,472310517529215 -5,8073085941114E-05 -3,39800892208321E-05
0,477929883138564 2,47698323005842E-05 -6,28004122321647E-05
0,483549248747913 5,11056150563407E-05 -4,35451929578761E-06
0,489168614357262 6,90640164308846E-05 2,11399148751474E-05
0,494787979966611 2,69837422194631E-05 8,37617426216249E-05
0,50040734557596 -6,8317146489568E-06 6,82085788665034E-05
0,506026711185309 -5,04731011211394E-05 7,09786550099383E-05
0,511646076794658 -8,41709914797845E-05 1,44995036602852E-05
0,517265442404007 -5,62576526751432E-05 -3,66734467205863E-05
0,522884808013356 -1,21954454605077E-05 -3,91908584461476E-05
0,528504173622705 -6,47208480611236E-06 -3,76120746619814E-05
0,534123539232053 1,42752691314424E-05 -2,37832599539512E-05
0,539742904841402 5,33468405832936E-06 -4,85867836571957E-06
0,545362270450751 6,46173065318952E-06 -3,03384589537142E-06
0,5509816360601 -8,35493056637133E-06 -4,43390888883513E-06
0,556601001669449 -4,8142433534092E-06 5,59143571265874E-07
0,562220367278798 -3,23882068521116E-06 -5,67300556402759E-06
0,567839732888147 2,06101771773545E-06 -4,59709524531172E-06
0,573459098497496 3,59484911872559E-06 -8,62057450240553E-07
0,579078464106845 2,38347068927389E-06 -3,87154310730987E-06
0,584697829716194 -6,22019381113151E-06 2,1082829143965E-06
0,590317195325543 -7,65039113147639E-06 -1,35247311460395E-05
0,595936560934892 4,30546110514547E-06 -1,66520491537511E-05
0,60155592654424 9,65072782861645E-06 -1,08332650024858E-05
0,607175292153589 9,45901212312565E-06 -1,29008716862934E-05
0,612794657762938 1,99160563481884E-05 -1,6058587535177E-05
0,618414023372287 2,27249061286285E-05 -2,9172304247997E-06
0,624033388981636 2,11383893862015E-05 1,03174454569787E-05
0,629652754590985 1,16292184380074E-05 2,0146991069467E-05
0,635272120200334 3,20313536186295E-06 1,95903632503156E-05
0,640891485809683 1,65071740374396E-06 1,23700846411321E-05
0,646510851419032 -1,6594312487535E-06 1,60380014120901E-05
0,652130217028381 -8,15814929240832E-06 1,23593871658941E-05
0,65774958263773 -1,44627349166411E-05 1,59395069663408E-05
0,663368948247079 -1,84247067765272E-05 1,13853554854803E-06
0,668988313856427 -1,13792270192399E-05 -4,17047886467049E-06
0,674607679465776 -2,39174864982193E-06 -3,03539929283493E-06
0,680227045075125 -5,06051779149977E-07 -8,60649487152839E-06
0,685846410684474 1,33359172732466E-06 -7,4575556975225E-06
0,691465776293823 -1,19916364632917E-07 -2,60116581894023E-06
0,697085141903172 3,64616982385218E-06 -3,51566826226258E-06
0,702704507512521 -1,64694867113302E-06 3,62358262076097E-06
0,70832387312187 -1,91213878162335E-06 -1,25330543717794E-06
0,713943238731219 -5,05868506133197E-06 1,5677256551453E-06
0,719562604340568 -3,93135767884006E-06 -1,23965405780513E-06
0,725181969949917 -2,51396444590338E-06 2,78092336842597E-06
0,730801335559266 -5,1248279967033E-06 -3,48986726955669E-06
0,736420701168614 -6,96468417630525E-06 -5,90418198455657E-06
0,742040066777963 -5,14406049726812E-06 -6,24086390730775E-06
0,747659432387312 2,30995063978662E-06 -1,01884201049646E-05
0,753278797996661 8,98189307312368E-06 -8,05402333891546E-06
0,75889816360601 5,74911493352096E-06 -2,49940373860844E-06
0,764517529215359 1,03037070391142E-05 -5,31817459334043E-06
0,770136894824708 8,09578488129987E-06 -1,80803314061484E-06
0,775756260434057 9,81795116187836E-06 -2,75852588308364E-06
0,781375626043406 1,37014317281379E-05 -5,90324548749011E-07
0,786994991652755 6,67972378667402E-06 5,17074366449566E-06
0,792614357262104 2,61060143371376E-06 1,14364295210637E-05
0,798233722871452 -1,16491684710077E-06 1,04340210612942E-05
0,803853088480801 -1,47318476345292E-06 1,31078206620085E-05
0,80947245409015 -8,03213646676212E-06 6,22425151792533E-06
0,815091819699499 -4,81869197218759E-06 7,22307423689308E-06
0,820711185308848 -2,10926221501801E-06 8,8673452727484E-07
0,826330550918197 -4,2814733243756E-06 1,14003582182529E-06
0,831949916527546 -4,14119525718512E-06 3,74451252611498E-07
0,837569282136895 -1,70238260286793E-06 1,0176953680022E-06
0,843188647746244 -2,95781492681149E-06 -1,25513303245206E-06
0,848808013355593 -1,73876526642195E-06 -3,33044646018536E-06
0,854427378964942 -1,99417538054048E-06 -1,41488710559166E-07
0,86004674457429 1,14839891898506E-06 -2,4619710624449E-06
0,865666110183639 -1,74728303266357E-06 -5,05630916388148E-06
0,871285475792988 -2,5254776278232E-06 8,90226920015914E-07
0,876904841402337 -5,00095490437536E-06 -1,59010516245576E-07
0,882524207011686 -1,65591368680628E-06 5,9556581420032E-07
0,888143572621035 -4,54204611343103E-06 1,4642617538656E-06
0,893762938230384 -2,69343511766126E-06 -1,44584699871751E-06
0,899382303839733 -5,35245417869174E-07 -2,92037204730821E-06
0,905001669449082 -2,41963997627245E-06 -3,73383665658827E-06
0,910621035058431 1,76123058059542E-06 -4,88849251346159E-06
0,91624040066778 2,77470121621965E-06 -5,5495981321255E-06
0,921859766277129 4,29011480204225E-06 -4,25403620124112E-06
0,927479131886477 4,3566070121348E-06 -8,98488209832963E-06
0,933098497495826 1,06760868979254E-05 -4,21648903604973E-06
0,938717863105175 9,40920817313557E-06 2,68882877768808E-06
0,944337228714524 4,48578137002627E-06 4,21852469510183E-06
0,949956594323873 2,22840526995142E-06 4,50459712053133E-06
0,955575959933222 -9,56255519076682E-07 1,04908773825975E-05
0,961195325542571 1,67396384059756E-07 3,14763511007119E-06
0,96681469115192 -6,78966194988865E-07 5,45295069783315E-06
0,972434056761269 -4,19855347909346E-06 6,76184896538832E-06
0,978053422370618 -1,98310623611873E-06 2,83430600655959E-06
0,983672787979966 -1,3142578268203E-06 1,71604044878226E-06
0,989292153589316 -2,84915587623225E-06 3,74415933480317E-06
0,994911519198665 -2,51204019394733E-06 3,64163263019336E-06
1,00053088480801 -4,4810438649132E-06 -6,1006154706389E-06
1,00615025041736 -1,39617154890356E-06 -3,94570517046212E-06
1,01176961602671 -1,56361966926121E-06 -2,01833911369747E-06
1,01738898163606 3,23821797086487E-06 -1,19445445371375E-06
1,02300834724541 -1,63274130428246E-06 -1,02510988847051E-06
1,02862771285476 4,20709553940495E-07 -9,40889980779765E-07
1,03424707846411 -5,22303323470789E-07 5,37780953754266E-06
1,03986644407346 -5,14825808077858E-06 2,44987391872718E-06
1,0454858096828 -2,37355346492458E-06 1,68348986391254E-06
1,05110517529215 -4,53357347273007E-06 -7,09249627499169E-07
1,0567245409015 -2,7688014998053E-06 -1,84414672688251E-06
1,06234390651085 -4,95566368196288E-06 -2,48967946997882E-06
1,0679632721202 4,38447859315678E-06 -2,27949696858708E-06
1,07358263772955 -3,23496718585342E-06 -3,12627199999248E-06
1,0792020033389 2,00844044947006E-06 -6,83457072937652E-06
1,08482136894825 4,73582221705999E-06 -5,05593322461207E-06
1,0904407345576 -4,20123143472943E-07 -4,3532020148532E-06
1,09606010016695 2,62432544520278E-06 -1,23142452263505E-06
1,10167946577629 7,88451329557026E-06 -3,31989511911763E-06
1,10729883138564 5,87273585914692E-06 3,08846856088885E-06
1,11291819699499 2,53063538384084E-06 2,9503787685022E-06
1,11853756260434 1,300555220208E-06 6,97865732009904E-06
1,12415692821369 3,86097964076331E-07 6,46589418322553E-06
1,12977629382304 -2,57675335380316E-06 4,67409347028178E-06
1,13539565943239 -2,0517727568896E-06 3,12798225690098E-06
1,14101502504174 -5,3987878227617E-06 9,31426344189433E-07
1,14663439065109 -5,47456315876857E-06 1,42878194978824E-06
1,15225375626043 -1,02646473436055E-06 -1,39908541650677E-06
1,15787312186978 -1,47108643648474E-06 -4,54852660706273E-06
1,16349248747913 1,28693834538359E-06 -3,42740739852389E-06
1,16911185308848 -1,95354925041975E-07 -3,84568381000899E-07
1,17473121869783 2,76440119721685E-06 4,33724317751912E-06
1,18035058430718 -1,2068756734993E-06 -6,65394432315818E-06
1,18596994991653 5,04359411592778E-07 3,06522755484844E-06
1,19158931552588 -2,68161942095412E-06 6,63190154724401E-07
1,19720868113523 2,35573562967802E-07 -7,64176236486725E-08
1,20282804674457 -7,68698036126793E-06 -1,4403799059075E-06
1,20844741235392 -1,53347637541456E-06 2,58783308126619E-06
1,21406677796327 -4,15917897293701E-06 -1,51312309961312E-06
1,21968614357262 -2,57585830156418E-06 -3,08240889185208E-06
1,22530550918197 -1,15114323835156E-06 -4,57107045213466E-06
1,23092487479132 2,33529978117084E-06 -7,74963264240146E-06
1,23654424040067 3,0126277551762E-06 -6,73097509157042E-06
1,24216360601002 6,22744917345155E-06 -4,58065978340918E-06
1,24778297161937 7,11620837701449E-06 -3,20576179528104E-06
1,25340233722871 7,13537782175011E-06 8,5480858739137E-07
1,25902170283806 7,15721408841531E-06 1,34150747429765E-06
1,26464106844741 7,74656106556396E-06 2,53920938607435E-06
1,27026043405676 1,78373144638827E-06 3,92364944409594E-06
1,27587979966611 -3,73064029721456E-06 1,01738751915897E-05
1,28149916527546 -1,02450636709263E-06 6,08621996719395E-06
1,28711853088481 -2,89071404656614E-06 4,76800966530795E-06
1,29273789649416 -1,21036605475509E-06 2,15669023320594E-06
1,29835726210351 -2,99946658721252E-06 8,72255766150425E-07
1,30397662771285 -3,42816959235268E-06 1,46415460284359E-06
1,3095959933222 -1,3167841155906E-06 -9,16790584486927E-07
1,31521535893155 -4,25288470648494E-06 2,91463238283239E-06
1,3208347245409 -6,39168432062211E-08 -3,07578832275696E-06
1,32645409015025 3,379247135733E-06 -1,73350100881173E-06
1,3320734557596 1,1177209247066E-07 1,56424819023365E-06
1,33769282136895 -3,68832755704174E-06 -4,98566123755902E-06
1,3433121869783 8,5321367578485E-07 -2,388005588062E-06
1,34893155258765 -2,41615026361037E-06 7,35387388533671E-08
1,354550918197 -1,50650904992739E-06 9,11894220109193E-07
1,36017028380634 -1,80586790921363E-06 -3,79004343292754E-08
1,36578964941569 2,80716414458269E-07 1,48631886737155E-06
1,37140901502504 -1,55869736919467E-06 3,11130308975995E-06
1,37702838063439 -2,45474893503566E-06 -3,69978774731245E-06
1,38264774624374 1,32112087253243E-06 -3,59572379891741E-06
1,38826711185309 1,43514622312236E-06 -4,43971294834902E-06
1,39388647746244 3,43448163562814E-06 -2,1303133375771E-06
1,39950584307179 3,22400593751349E-06 1,08608130176167E-06
1,40512520868114 1,95557433760943E-06 -1,94650217515818E-06
1,41074457429048 5,47926463432101E-06 -1,86252134718186E-06
1,41636393989983 3,50772942240408E-06 2,88171510502798E-06
1,42198330550918 2,37523216898279E-06 -1,62624510714399E-07
1,42760267111853 3,37560199871888E-07 3,28625805583983E-06
1,43322203672788 9,51081834392914E-07 2,78132291539111E-06
1,43884140233723 -3,4069312827262E-06 5,63502987974427E-06
1,44446076794658 -1,21308385522174E-06 6,28331372003272E-06
1,45008013355593 -5,3717464324871E-07 5,45669353697723E-06
1,45569949916528 -4,25918195402816E-06 1,36235964266764E-06
1,46131886477462 -1,2529100500208E-06 -1,45235008907971E-06
1,46693823038397 -5,57784723817823E-07 -7,69485069210549E-07
1,47255759599332 -4,33376149871969E-07 -4,50808113459323E-06
1,47817696160267 -8,73461940408814E-07 1,04132504237699E-06
1,48379632721202 -3,15696073599547E-06 -2,95600403025709E-07
1,48941569282137 -1,04744623653663E-06 2,87838489512297E-06
1,49503505843072 -2,90697376114821E-07 1,13584705734916E-06
1,50065442404007 3,63924228422919E-07 -5,54641722055079E-07
1,50627378964942 2,55406881289616E-07 -3,18269839096381E-07
1,51189315525876 -6,11530099583641E-06 -2,96801992914377E-08
1,51751252086811 -5,86275108815666E-07 -3,26951771858229E-06
1,52313188647746 -4,25151481302911E-06 -7,84957351236044E-07
1,52875125208681 -2,52603921697619E-06 -4,16613193765123E-08
1,53437061769616 1,95725256802401E-08 -1,12353215019533E-06
1,53998998330551 1,4056900448134E-06 -2,51419816600458E-06
1,54560934891486 1,20289381168562E-06 -8,33398875222287E-07
1,55122871452421 1,46934502515956E-06 -2,19347658422807E-06
1,55684808013356 4,04348911219785E-07 -1,86553588638529E-06
1,5624674457429 2,88975122515049E-06 1,15391502209332E-06
1,56808681135225 2,57456179804833E-06 -3,7739163081864E-06
1,5737061769616 1,36408906724287E-06 -1,41157322901659E-06
1,57932554257095 -2,62691962332968E-07 2,92498870513789E-06
1,5849449081803 -6,42912097221269E-07 1,71135052206746E-07
1,59056427378965 6,51606101845002E-07 1,01293128864646E-06
1,596183639399 3,02178656222684E-07 3,97086604496999E-07
1,60180300500835 2,1460971231558E-06 3,02973340046233E-06
1,6074223706177 -1,29986533843605E-06 -3,91762293955309E-07
1,61304173622705 -3,67385073510263E-06 3,00019200998171E-06
1,61866110183639 1,66188918694119E-06 9,21636976421644E-07
1,62428046744574 -8,46306955623494E-08 -1,89870526832096E-07
1,62989983305509 -1,27275585668475E-07 3,4036504376886E-07
1,63551919866444 -9,07853888482878E-07 1,19768576549893E-06
1,64113856427379 -3,85770544804645E-07 -1,73628610829286E-06
1,64675792988314 1,44700380370893E-06 -1,27875763044532E-06
1,65237729549249 1,88850348127124E-06 1,72836221926874E-06
1,65799666110184 -1,6175446739762E-06 1,25653382608789E-06
1,66361602671119 -3,25121354611819E-06 9,26205832834354E-07
1,66923539232053 -3,86792133245097E-06 2,12677706646375E-07
1,67485475792988 -3,07348001533567E-06 1,03941835533787E-06
1,68047412353923 -1,28713258696837E-06 -1,35811025667563E-06
1,68609348914858 -2,72694050902967E-06 -2,76520480102438E-06
1,69171285475793 7,86247562670364E-07 -5,8869231314335E-07
1,69733222036728 2,42524598260938E-06 -2,24487479235046E-07
1,70295158597663 8,2121282732862E-07 -4,75640865872064E-06
1,70857095158598 -3,81503866772673E-07 1,22335694284666E-06
1,71419031719533 -1,44396889734592E-06 1,1348962374886E-06
1,71980968280467 -1,2756460408251E-06 -4,77363059988667E-06
1,72542904841402 3,33663188527956E-06 9,268126399163E-07
1,73104841402337 2,6262107020419E-06 -1,32398047128609E-06
1,73666777963272 1,88414909164038E-06 -1,50225897629052E-06
1,74228714524207 -3,74182539592738E-07 -6,94352651678626E-07
1,74790651085142 5,22439503094944E-07 1,90987579964228E-07
1,75352587646077 3,67799377066122E-07 4,28587277176924E-06
1,75914524207012 -1,71909281469749E-06 2,05398074864427E-06
1,76476460767947 4,52144239931749E-07 1,38596588303396E-06
1,77038397328881 -2,04500905455021E-06 -1,32321499555994E-06
1,77600333889816 -3,0394211128185E-06 -9,49615379278707E-07
1,78162270450751 -1,65495516450689E-06 2,52978422311919E-06
1,78724207011686 2,94155205755466E-06 -2,6118124214539E-06
1,79286143572621 1,02012645096868E-06 -3,33405650984374E-06
1,79848080133556 2,43112548384434E-06 -2,48082809792172E-06
1,80410016694491 6,55980938124078E-07 3,41374647168138E-06
1,80971953255426 1,14559225654384E-06 -9,88263715167175E-07
1,81533889816361 -1,215309052796E-06 2,21885352311206E-06
1,82095826377296 6,56767943542178E-08 2,5124413372463E-06
1,8265776293823 -4,57239194887189E-06 1,13745353628309E-08
1,83219699499165 -1,09445500805696E-06 -1,61780038680929E-06
1,837816360601 -7,95199501480344E-07 -3,33062036767538E-07
1,84343572621035 2,35457100196062E-06 -2,77926649566184E-06
1,8490550918197 6,25373134183754E-07 5,21836004534437E-07
1,85467445742905 -2,9319483251646E-06 3,71392575375806E-07
1,8602938230384 9,02384470684712E-07 -4,55811185427163E-08
1,86591318864775 -7,7471870911476E-07 5,34567906133054E-07
1,8715325542571 1,72369245256885E-06 6,4824278906879E-07
1,87715191986644 6,48353016061806E-07 -1,16621083107839E-06
1,88277128547579 -3,87495878374308E-07 1,08876301808313E-06
1,88839065108514 -1,27847278623349E-06 -1,91809578032374E-06
1,89401001669449 4,07359841429659E-07 -3,36245607293085E-06
1,89962938230384 -1,5070293340299E-06 -1,33078006889011E-06
1,90524874791319 1,70469559414388E-06 1,32039878737334E-07
1,91086811352254 2,85116024871613E-06 1,39895402561848E-07
1,91648747913189 -2,30050328333367E-07 2,337040257795E-07
1,92210684474124 -1,57648017192619E-06 5,80717733356052E-07
1,92772621035058 -4,21752345735501E-07 3,71966833519924E-06
1,93334557595993 1,50381446976132E-06 -8,33158224668772E-07
1,93896494156928 -1,23015550807058E-06 9,88788824626415E-07
1,94458430717863 7,07269074707736E-07 -1,43521387155128E-06
1,95020367278798 4,47517526246256E-06 1,02328724530066E-06
1,95582303839733 -1,90480410094147E-06 -9,25239166008386E-07
1,96144240400668 -3,59969440973577E-06 3,02741565730015E-06
1,96706176961603 -5,86266567773662E-07 -1,03221859128593E-06
1,97268113522538 -1,00416694651418E-06 -5,59491631253015E-06
1,97830050083473 1,8450662700538E-07 1,16416560826023E-08
1,98391986644407 2,04660167656414E-06 1,98256590589409E-06
1,98953923205342 -1,51338547327409E-06 8,14228169963372E-07
1,99515859766277 9,33392859760255E-07 2,08282369262693E-06
2,00077796327212 2,53727296059836E-06 -1,24441713336996E-06
2,00639732888147 -3,07667373964979E-06 -3,52513080578786E-07
2,01201669449082 -1,13821128366831E-06 -1,20108724648436E-06
2,01763606010017 2,06780827174786E-07 -9,7388363154046E-07
2,02325542570952 1,80964487129585E-06 1,12426394985036E-06
2,02887479131887 7,41096165348974E-07 1,57058703628655E-06
2,03449415692821 -3,89292384798457E-06 -2,1383175663081E-06
2,04011352253756 1,36296067039332E-06 1,56536126836426E-06
2,04573288814691 9,01800945857255E-07 -1,17365002578327E-06
2,05135225375626 -3,22920523922828E-07 6,8241821758032E-07
2,05697161936561 5,97033188077238E-07 -6,82481386220558E-07
2,06259098497496 1,53080591385075E-06 -1,96736427259873E-06
2,06821035058431 -7,25291795498905E-07 -3,12852259265429E-06
2,07382971619366 -2,54867097347357E-06 2,26340971707557E-06
2,07944908180301 -5,32847458851039E-07 2,49480040899138E-06
2,08506844741235 1,57166630970909E-06 -2,04011793479071E-06
2,0906878130217 3,16717329612459E-06 5,29272509145005E-07
2,09630717863105 -6,73336875343477E-07 4,80299896235021E-06
2,1019265442404 1,09751729471533E-06 -2,47077781783509E-06
2,10754590984975 -1,28109615146482E-06 1,61139127853442E-06
2,1131652754591 -7,38474571141358E-07 3,82190297094985E-08
2,11878464106845 -1,3714863918488E-06 -2,24818632662483E-07
2,1244040066778 6,37356605131161E-07 -2,08548913216838E-06
2,13002337228715 -1,08072299646137E-06 -5,38396035143497E-07
2,13564273789649 -2,86165205741452E-06 -6,94623664561727E-07
2,14126210350584 -6,23836787598744E-07 1,3546205624486E-06
2,14688146911519 1,90564697886735E-06 3,54297864279649E-06
2,15250083472454 1,95587162355708E-06 -1,06477115269693E-06
2,15812020033389 -1,27240057541319E-06 -1,51302669937091E-06
2,16373956594324 1,11037128028753E-08 1,30724777397059E-07
2,16935893155259 -2,948129372901E-06 -4,85486002462426E-08
2,17497829716194 -9,32058964763454E-07 -8,87115804227847E-07
2,18059766277129 4,24577831622015E-06 -1,13834048378852E-06
2,18621702838063 -5,19966162424882E-06 1,08224252815524E-06
2,19183639398998 -2,76998934040134E-06 -2,0473813538337E-06
2,19745575959933 4,48549872590096E-07 -1,75610557487859E-06
2,20307512520868 2,9816517582963E-06 1,26620354263761E-06
2,20869449081803 -1,56418409583494E-07 -1,55609648044692E-06
2,21431385642738 -1,96663726216982E-06 -6,06801394872793E-07
2,21993322203673 3,58821923185254E-06 6,47861111270356E-08
2,22555258764608 -2,07656160868976E-06 1,24567441553955E-06
2,23117195325543 4,81645771446436E-07 -2,15620790757329E-06
2,23679131886477 -4,39952600697986E-06 -2,63073676501687E-06
2,24241068447412 2,94876881114388E-06 -9,71190565513373E-07
2,24803005008347 4,25187117613557E-06 -1,49854326304331E-06
2,25364941569282 1,02284827475225E-06 -2,98787272383646E-06
2,25926878130217 -7,65413399949415E-07 1,97535769432354E-06
2,26488814691152 1,3320767899082E-06 3,00300309694678E-07
2,27050751252087 -3,27694479477142E-06 -7,26191215024029E-07
2,27612687813022 1,9872189082333E-07 2,34359161786287E-06
2,28174624373957 2,25805102587803E-06 -2,05455525730942E-06
2,28736560934892 1,35729480828217E-06 2,15425885490102E-06
2,29298497495826 2,80145191448442E-06 -9,70471922908617E-07
2,29860434056761 8,12776929008117E-07 -3,98400229134126E-06
2,30422370617696 1,68610893693669E-07 7,36158489833283E-07
2,30984307178631 1,74378472726965E-06 1,71599065303797E-06
2,31546243739566 4,90408591991353E-06 1,719243390902E-06
2,32108180300501 -1,08350744731995E-06 -5,59708986286804E-08
2,32670116861436 -9,09311406552209E-07 1,72772505759302E-06
2,33232053422371 -1,5450329934458E-08 4,62291639512191E-07
2,33793989983306 -2,52734297758356E-06 -8,94385928630686E-08
2,3435592654424 2,39507542221852E-06 6,52862859253381E-07
2,34917863105175 -9,01948250081408E-07 2,23988222590724E-06
2,3547979966611 -4,06814132484781E-07 1,7241526448992E-06
2,36041736227045 -1,92330192843496E-06 2,59275820508882E-06
2,3660367278798 8,49772970708863E-07 -2,89904148910023E-06
2,37165609348915 2,47929255545009E-06 4,25850553853416E-06
2,3772754590985 -3,53101327346205E-06 4,66764757509047E-09
2,38289482470785 3,52516712738497E-06 2,110762942067E-06
2,3885141903172 -3,02267494099874E-07 -1,5634373049744E-06
2,39413355592654 -2,06269104024781E-07 -1,56054557372065E-06
2,39975292153589 -3,58917517489867E-06 -3,66350588918996E-06
2,40537228714524 -3,34713869364951E-06 -5,93341445408339E-07
2,41099165275459 1,15700714880393E-06 -6,52272642600276E-07
2,41661101836394 -2,28216360019377E-06 2,14558294769498E-06
2,42223038397329 -1,8912899384491E-06 3,17193527882868E-06
2,42784974958264 3,81263965148066E-06 2,22603454928707E-06
2,43346911519199 7,1138407009934E-07 -1,67982577409082E-07
2,43908848080134 1,34676135798067E-06 -2,11873543640787E-08
2,44470784641068 -2,28311581041142E-06 -5,70970701918843E-07
2,45032721202003 3,12455998403833E-06 -1,27691472616497E-06
2,45594657762938 -5,65935712822956E-07 -1,67203409491115E-06
2,46156594323873 -1,65656952765546E-06 1,72064653452671E-06
2,46718530884808 6,9399950902679E-08 -1,25057030368127E-06
2,47280467445743 -2,04918242631742E-06 -1,56939526039527E-06
2,47842404006678 -7,68158698783709E-08 -8,61243299463578E-07
2,48404340567613 -1,3562963994336E-06 2,74928682839232E-06
2,48966277128548 1,05941656150591E-06 2,54352171002616E-06
2,49528213689482 -2,36594416711026E-07 -2,02757653983555E-06
2,50090150250417 -5,08823689209994E-06 2,74175586543218E-06
2,50652086811352 1,18836086363703E-06 -2,83467802014718E-06
2,51214023372287 1,11078729311649E-06 2,48173334242588E-06
2,51775959933222 1,47595593213474E-06 -6,36141697290068E-08
2,52337896494157 1,69046426602631E-06 -2,44323485653604E-06
2,52899833055092 -2,604704064594E-07 3,2868403309753E-07
2,53461769616027 6,17463207062036E-07 -2,2206766198013E-07
2,54023706176962 -3,22476990422162E-07 -1,3409547794043E-06
2,54585642737896 2,77659452837807E-07 -1,26924120224247E-06
2,55147579298831 -4,02860657968588E-06 -7,38788825709163E-07
2,55709515859766 -1,62453341041925E-06 2,89192039427816E-06
2,56271452420701 -4,1724196992046E-08 1,77910902148549E-06
2,56833388981636 8,40574950052569E-07 6,99102410224758E-07
2,57395325542571 1,11480946029321E-06 1,62767884464259E-06
2,57957262103506 -3,70528493213106E-06 1,86251600423643E-06
2,58519198664441 -9,01572277848247E-07 -3,73854035238895E-06
2,59081135225376 1,52942756526079E-06 -1,19887895949278E-06
2,59643071786311 -1,87363177148651E-06 -1,11886250214604E-06
2,60205008347245 3,38039305678945E-06 1,13780722667979E-06
2,6076694490818 -1,78888014969742E-06 -2,89473323281953E-06
2,61328881469115 2,43361002992149E-07 1,8543929956359E-06
2,6189081803005 -2,52650675839072E-06 8,91229481428E-07
2,62452754590985 -1,6704554945547E-06 -2,06504251156074E-06
2,6301469115192 -3,58912645517219E-07 -2,32532165851401E-06
2,63576627712855 1,11299520019601E-07 1,6593310399599E-06
2,6413856427379 -1,51953029186335E-06 -1,23326044815696E-06
2,64700500834725 1,01048411177877E-06 -1,55115509687937E-07
2,65262437395659 -3,67700797409895E-06 1,64898567016366E-06
2,65824373956594 1,38010955562702E-06 -4,11158743640431E-06
2,66386310517529 4,66765693565786E-06 -3,46095350249847E-06
2,66948247078464 -8,86830898156178E-07 3,13730376771693E-06
2,67510183639399 2,7844802838728E-06 -1,41261812628179E-06
2,68072120200334 -7,10189397443708E-07 2,58829462117895E-06
2,68634056761269 -2,61054135648896E-06 -2,09481467141101E-06
2,69195993322204 -2,88362275294753E-06 -1,01069549688285E-06
2,69757929883139 1,92361245255853E-06 1,38952833054757E-06
2,70319866444074 1,07449959710667E-06 -1,10209354568098E-06
2,70881803005008 6,17120092503074E-07 -6,42682983045151E-07
2,71443739565943 -1,59942184183335E-06 -4,05448844535392E-07
2,72005676126878 1,70839833720926E-06 2,38093814921059E-06
2,72567612687813 -2,72966041042737E-06 -4,38676984463434E-06
2,73129549248748 3,22720597924164E-06 -2,34252380828181E-06
2,73691485809683 -2,22074161509287E-06 2,91305998746088E-06
2,74253422370618 6,88873742435993E-07 -6,68816609020552E-07
2,74815358931553 -7,01742555964668E-07 4,10281635737357E-08
2,75377295492488 1,61833363411078E-07 -6,90630804936135E-07
2,75939232053422 1,01727113501531E-06 -2,8772896809389E-07
2,76501168614357 7,20577503669393E-07 1,4085552113529E-06
2,77063105175292 1,35096808538566E-06 -4,47944449342721E-06
2,77625041736227 -1,38525949312955E-07 1,12600556752194E-06
2,78186978297162 1,05026609680944E-06 6,76509012714986E-07
2,78748914858097 -5,12440437794248E-07 1,13315107006531E-06
2,79310851419032 6,91443316623093E-07 9,56029563781376E-07
2,79872787979967 1,39095164548105E-06 -2,27430417520263E-06
2,80434724540902 -2,99923893762273E-06 -1,19819795264183E-06
2,80996661101836 -1,6916448384876E-07 6,52666284639039E-08
2,81558597662771 3,00866744574826E-06 -1,4273379866301E-07
2,82120534223706 -3,2414388771388E-06 -1,62221854634021E-06
2,82682470784641 -9,64021685081116E-07 1,9761283464551E-06
2,83244407345576 2,52092341765586E-06 1,0415325676753E-06
2,83806343906511 1,81412782578167E-06 1,17777974189141E-06
2,84368280467446 4,69694344004464E-08 -2,19740310875555E-06
2,84930217028381 2,28071049290713E-06 7,91712279634554E-07
2,85492153589316 1,93548623569691E-07 1,57336522696632E-07
2,8605409015025 2,42703312105081E-08 1,27594613710669E-06
2,86616026711185 -1,39537170518535E-06 -1,37497214146854E-06
2,8717796327212 1,17149928410524E-06 -2,00314447086001E-06
2,87739899833055 -6,7312412138769E-07 1,34152748448442E-06
2,8830183639399 1,28638795208243E-06 1,50713747791688E-06
2,88863772954925 -3,67471477537724E-06 -8,75949579678027E-07
2,8942570951586 -1,30253026687379E-07 2,4544914747219E-06
2,89987646076795 -1,7480552095156E-06 2,51261480815349E-06
2,9054958263773 -8,37432474434263E-07 -1,59939958962148E-06
2,91111519198664 1,37385569560356E-06 -4,89239667753341E-06
2,91673455759599 2,5652360174872E-07 1,02231336566831E-06
2,92235392320534 -5,06437046292092E-07 2,62162711555035E-06
2,92797328881469 3,57983473816051E-06 -1,63652114623041E-06
2,93359265442404 8,57414610936047E-07 -4,14762629584303E-07
2,93921202003339 -1,32571634131587E-06 -2,58206816943481E-06
2,94483138564274 4,85839221391204E-07 1,30397095962007E-06
2,95045075125209 7,97837416221962E-07 -2,59080055127493E-06
2,95607011686144 -1,33665981099158E-07 4,49898575832466E-07
2,96168948247078 -2,47116721753885E-06 1,34183060695241E-06
2,96730884808013 8,191273195297E-07 1,11074662319452E-06
2,97292821368948 -1,79782502921404E-06 7,77083218960909E-07
2,97854757929883 1,04103670808739E-06 9,4662494403172E-07
2,98416694490818 1,82068512683711E-06 -2,7154457452158E-06
2,98978631051753 -3,40472419495264E-07 9,17285745622917E-07
2,99540567612688 4,08023309527542E-06 5,57392850058232E-07
3,00102504173623 2,1039467721945E-06 4,2523803775655E-07
3,00664440734558 -1,50756232867303E-06 3,85536196154948E-07
3,01226377295493 -2,01579345337167E-06 -1,0924181462671E-06
3,01788313856427 9,53806063285513E-07 3,49971522882089E-06
3,02350250417362 5,42936366974048E-07 1,2531541122944E-06
3,02912186978297 1,54128625419006E-06 -7,72130121026962E-07
3,03474123539232 -1,08707887747498E-06 -4,0012955636168E-08
3,04036060100167 -3,21881313492265E-06 9,65979607303941E-07
3,04597996661102 -3,53595198653332E-06 5,90176322749951E-07
3,05159933222037 -7,57324721162707E-08 4,30046941931494E-06
3,05721869782972 -2,2326879629102E-06 -2,30914503301335E-06
3,06283806343907 1,52580704493226E-06 -7,76098068072515E-07
3,06845742904841 2,49067164689238E-08 6,08411658586438E-07
3,07407679465776 -7,53381133285349E-07 -1,98060907590237E-06
3,07969616026711 -4,04118152562606E-07 4,90196672215493E-07
3,08531552587646 -1,0532676694582E-07 -1,72644044022755E-06
3,09093489148581 2,02430584152776E-06 1,41578990639135E-07
3,09655425709516 2,56852727808116E-06 -3,67163884874726E-07
3,10217362270451 -1,52766502091641E-06 -1,40105786369535E-06
3,10779298831386 -3,10649594492449E-06 9,11884888186143E-07
3,11341235392321 -1,63481149202009E-06 2,33818652948294E-06
3,11903171953255 -2,27048616268496E-07 -2,06721217511242E-06
3,1246510851419 -1,06937153140551E-06 4,45734040140268E-06
3,13027045075125 -6,54845536085064E-07 -2,82073940272005E-06
3,1358898163606 -3,06932120948404E-06 -1,87092846118776E-07
3,14150918196995 1,00959140082326E-06 5,61567824969491E-07
3,1471285475793 3,86134864134482E-06 2,44427036487565E-07
3,15274791318865 -2,99323881738503E-06 -1,49956958035471E-06
3,158367278798 -1,48291080997775E-06 -3,46704352282724E-06
3,16398664440735 -6,6465025003457E-07 1,73820239147954E-07
3,1696060100167 2,10103055067404E-06 -3,13325746395883E-06
3,17522537562604 8,43539234507748E-07 -5,94205121671126E-07
3,18084474123539 2,66763682287201E-07 6,09027972174224E-07
3,18646410684474 -3,88354781039808E-06 -5,69950779495278E-08
3,19208347245409 2,96761360011615E-06 1,51663696809339E-06
3,19770283806344 -3,71630019230951E-07 -8,8999108555203E-07
3,20332220367279 -4,37128041705916E-07 6,12999323292327E-07
3,20894156928214 -2,30950480259239E-06 1,37923893941874E-06
3,21456093489149 3,16135076817698E-06 -4,85125780439214E-06
3,22018030050083 -2,37792989347763E-06 -1,37140967410415E-06
3,22579966611018 2,85717533171805E-06 1,28344433066591E-08
3,23141903171953 -1,62244349222781E-06 -4,21545614759825E-07
3,23703839732888 4,40140622814746E-06 1,81100307737683E-06
3,24265776293823 1,03432817054076E-06 -1,0558496492927E-06
3,24827712854758 2,73470728750482E-07 -2,36701726224857E-07
3,25389649415693 -1,80269758056271E-06 1,97091673628366E-06
3,25951585976628 -1,57193360279998E-06 -1,14315102151224E-06
3,26513522537563 2,7193844537918E-06 1,29400768145892E-06
3,27075459098498 -3,12380241447828E-06 3,03083471344532E-06
3,27637395659432 -9,79773587886351E-07 -3,39385644414377E-06
3,28199332220367 2,63942983606677E-07 1,39591366460966E-06
3,28761268781302 9,03871023954989E-08 -2,44673986765367E-06
3,29323205342237 1,41723927346549E-06 -1,09311509135631E-09
3,29885141903172 -2,56330626088912E-07 -1,22368295210285E-06
3,30447078464107 5,21157834131896E-07 5,1674856939961E-07
3,31009015025042 -1,32400198260913E-06 -9,8068650540465E-07
3,31570951585977 -1,28130011871053E-06 -9,06244770061672E-07
3,32132888146912 1,83899602118114E-06 1,10576731825036E-06
3,32694824707846 9,75771205891819E-07 2,97907369151946E-06
3,33256761268781 4,78249706735815E-07 -2,23288591403122E-06
3,33818697829716 1,23691680065809E-06 -9,40411001028197E-07
3,34380634390651 -2,52663258704702E-06 1,28438771086462E-06
3,34942570951586 2,66037373067412E-06 -8,12762145981094E-07
3,35504507512521 -2,00401416390165E-07 7,04634722792127E-07
3,36066444073456 -3,30256183135089E-07 -1,85823870893246E-06
3,36628380634391 1,04533604469754E-06 -1,47133633210364E-06
3,37190317195326 -2,63360008251875E-06 3,03464559638016E-06
3,3775225375626 7,86055736709649E-08 -1,57485442725307E-07
3,38314190317195 -1,20141410776654E-06 1,91165621788947E-06
3,3887612687813 -1,72363188828441E-06 1,14042145385934E-06
3,39438063439065 2,23126391508367E-06 -1,49706969667424E-06
3,4 3,5986032701038E-07 2,2615468743891E-07
