w Re(f(w)) Im(f(w))
0,034 -1,64599293794691E-06 6,42175585014182E-07
0,0396193656093489 -1,19094504494571E-06 -2,2206180928568E-07
0,0452387312186978 6,44161898938302E-07 -5,05209026147675E-07
0,0508580968280467 -1,93423441712122E-07 1,26405081755663E-06
0,0564774624373957 6,91567757350948E-07 6,66851678283399E-08
0,0620968280467446 1,55281968416785E-06 5,67806470727032E-07
0,0677161936560935 1,57708826578657E-09 1,17329747582831E-06
0,0733355592654424 -5,90395547009372E-07 -1,37938152533288E-06
0,0789549248747913 1,22751356247058E-06 8,90627990647648E-07
0,0845742904841402 -1,12519232542375E-06 -1,99505347809786E-08
0,0901936560934891 -5,45042994997932E-07 -2,72987903115348E-07
0,0958130217028381 -5,20218278842904E-07 -2,89175876504502E-07
0,101432387312187 -7,55921866053424E-08 4,56553290973205E-07
0,107051752921536 1,4547045123597E-06 -7,77975009730749E-08
0,112671118530885 3,78644623894616E-07 -3,16700968310563E-07
0,118290484140234 9,44677155617302E-07 1,04501482030612E-06
0,123909849749583 -8,62811679149018E-07 1,44277326268472E-06
0,129529215358932 3,96324702002034E-07 1,83738694076163E-08
0,13514858096828 -5,71922684678528E-07 2,77731117884762E-08
0,140767946577629 -2,63682789034571E-07 1,00704872949934E-06
0,146387312186978 3,49395446937815E-07 -8,08532163855262E-07
0,152006677796327 8,90604029855945E-07 -5,49961636018304E-07
0,157626043405676 -5,00317348725337E-07 -1,72507537278589E-07
0,163245409015025 -6,00686098307057E-08 8,25354917019179E-08
0,168864774624374 -1,39593995875378E-06 3,67675328398491E-08
0,174484140233723 7,12001843740269E-07 1,32271686314648E-06
0,180103505843072 4,80794760727054E-07 7,06057033483845E-07
0,185722871452421 3,2954884918666E-07 -4,46048823809092E-07
0,19134223706177 -5,02085154303424E-08 3,52479369901125E-07
0,196961602671119 3,47412731311699E-07 -1,16618771532982E-07
0,202580968280467 -9,10651563674679E-07 3,36122186693143E-07
0,208200333889816 -9,39299046378948E-08 -1,4511883053097E-07
0,213819699499165 3,76632262417544E-07 -9,08908808425006E-07
0,219439065108514 -1,07145684632086E-07 9,49427869367281E-07
0,225058430717863 9,37581680438682E-07 -1,59633172166012E-07
0,230677796327212 -1,04296922690772E-06 7,05142828724632E-07
0,236297161936561 -7,14237805099096E-08 6,55350181386078E-07
0,24191652754591 -1,49844012812664E-07 -7,96765370276227E-07
0,247535893155259 -1,7684752918436E-07 5,32064701671774E-08
0,253155258764608 3,81764594062241E-07 -2,4540706018569E-07
0,258774624373957 8,41486072497974E-07 -2,20800248689593E-08
0,264393989983306 -1,7873090208206E-07 1,20578931589223E-06
0,270013355592654 -5,71269107935551E-07 -3,77776586547087E-07
0,275632721202003 -3,8081604355096E-07 4,03419129083225E-07
0,281252086811352 -4,74852517045943E-08 6,82379158301344E-07
0,286871452420701 -7,35978530971852E-07 -4,39590083808583E-07
0,29249081803005 2,85327228828906E-07 -1,21795929463201E-06
0,298110183639399 3,05134584444992E-07 4,43709892017523E-07
0,303729549248748 -6,85218315059306E-08 2,45253184597127E-07
0,309348914858097 4,60821246284466E-07 -5,31870800288175E-07
0,314968280467446 1,87697876389115E-07 -5,30970125043804E-07
0,320587646076795 1,4705712098151E-07 4,36371881231504E-08
0,326207011686144 1,5192558204082E-07 9,52985217745708E-07
0,331826377295492 -6,09525252518009E-07 7,16676492658458E-08
0,337445742904841 7,80588923989785E-07 4,38150616039071E-07
0,34306510851419 -9,03624610104896E-07 8,09746934811899E-07
0,348684474123539 8,30874940494056E-07 -5,46194393449074E-07
0,354303839732888 -1,06403766828885E-06 -8,89049984230184E-08
0,359923205342237 -1,75909694530442E-07 1,25418448505991E-07
0,365542570951586 6,17280760281643E-07 -2,33236459749508E-07
0,371161936560935 -5,81065108006622E-07 -6,89265524499305E-07
0,376781302170284 4,24359201517969E-07 5,89163203256731E-07
0,382400667779633 -9,45559894468502E-07 6,3080179363227E-07
0,388020033388982 1,47373528444707E-06 -1,20830060655668E-06
0,393639398998331 7,19770865776314E-07 -2,11817177052613E-06
0,39925876460768 4,99654424826717E-09 -2,59011786979445E-07
0,404878130217028 -2,00142585669955E-06 1,10020069996584E-06
0,410497495826377 1,18560016993789E-06 1,65317232168283E-06
0,416116861435726 4,87268454710431E-07 1,22120937849244E-06
0,421736227045075 2,71859881910938E-06 2,95387730176805E-07
0,427355592654424 -2,04417803826133E-06 -4,90434711908738E-07
0,432974958263773 1,4954244478532E-06 -1,36493115168554E-06
0,438594323873122 -3,64721731109876E-07 1,41310066906161E-06
0,444213689482471 -2,97559590263549E-07 -1,20383246380078E-06
0,44983305509182 6,85148874435082E-07 1,26405634553193E-06
0,455452420701169 -5,75090114389434E-07 5,41689884020027E-07
0,461071786310518 -7,203197755261E-07 1,33622215572875E-06
0,466691151919866 -4,86415657051991E-07 1,71460958027585E-07
0,472310517529215 -5,5096534775587E-08 7,58450809041205E-07
0,477929883138564 -7,85210449088812E-07 -3,59974196427884E-07
0,483549248747913 -2,87802128377897E-07 -1,62699515393373E-07
0,489168614357262 5,54811288697187E-09 4,55987830324499E-07
0,494787979966611 5,23660299046696E-07 -4,84242955297013E-07
0,50040734557596 -2,33599850089043E-07 -1,77776927517565E-08
0,506026711185309 -8,97098082282945E-07 -2,18058888971684E-08
0,511646076794658 2,49339049980041E-07 -6,5833676808148E-07
0,517265442404007 -1,25869629548704E-06 -1,44115018018426E-07
0,522884808013356 6,37795116214813E-07 1,22976995093008E-07
0,528504173622705 -4,32879831408872E-07 -2,34244929534279E-07
0,534123539232053 -1,71996494681432E-07 -6,32396562919353E-07
0,539742904841402 3,65290026806624E-07 6,07555756218305E-07
0,545362270450751 -2,15015715371625E-07 -1,40112857918133E-08
0,5509816360601 3,72754735997175E-07 -6,17324718704163E-07
0,556601001669449 3,81045932525552E-07 7,81347229490153E-07
0,562220367278798 -3,31724244488821E-07 3,67908874806886E-07
0,567839732888147 4,49702807205502E-07 -3,20156568594885E-07
0,573459098497496 -6,57725338923994E-07 -3,86262935522297E-07
0,579078464106845 -7,4586830943309E-07 1,29967998120046E-07
0,584697829716194 -1,92610099789733E-07 -3,0516867877859E-07
0,590317195325543 -3,62111007096394E-07 -7,53999713086886E-07
0,595936560934892 -1,64443394410402E-07 -6,90321719675661E-07
0,60155592654424 6,52814783023422E-07 -4,41866616077001E-08
0,607175292153589 1,36314532761727E-06 3,49012291497698E-07
0,612794657762938 -1,1138951273245E-07 2,19823125899435E-07
0,618414023372287 4,61039951980789E-07 8,90723270873425E-08
0,624033388981636 -2,6899485922664E-07 1,76269610029101E-07
0,629652754590985 -7,8888716368832E-07 -4,99668563870509E-07
0,635272120200334 -6,11254379302354E-07 4,67493681912248E-08
0,640891485809683 -1,64016013409823E-09 -7,3724627774694E-08
0,646510851419032 6,36410030191946E-07 1,38248456840265E-07
0,652130217028381 -4,27855828865006E-08 3,64539926862215E-07
0,65774958263773 5,06182798513781E-07 -2,68266997119801E-07
0,663368948247079 -8,56483493295018E-08 -4,88695620499116E-07
0,668988313856427 3,29616354506112E-07 -9,86196617710868E-07
0,674607679465776 -4,79954869139275E-07 2,47567488491132E-07
0,680227045075125 3,49077910744073E-07 3,39301706964021E-07
0,685846410684474 3,37509834927135E-08 -2,28625469150351E-07
0,691465776293823 7,11153125746206E-08 -3,27326452244238E-07
0,697085141903172 -1,38598131644317E-07 -3,84664590456745E-07
0,702704507512521 -4,67669547515226E-08 3,64362473358842E-07
0,70832387312187 7,73898446914849E-07 4,56552739898122E-07
0,713943238731219 7,29486252886379E-07 3,20064896785403E-07
0,719562604340568 -3,40678431641226E-07 1,26938798950001E-07
0,725181969949917 1,91829815636247E-07 4,01538629196733E-07
0,730801335559266 1,93243905493515E-07 -9,35303797455591E-07
0,736420701168614 -1,0925681003567E-06 1,60274595036002E-07
0,742040066777963 6,77500971170838E-07 -2,63996625858804E-07
0,747659432387312 7,00406639197821E-08 2,2191501140435E-07
0,753278797996661 4,58471122522734E-07 -8,1213591577887E-07
0,75889816360601 -4,65143279100477E-07 8,77943230686782E-08
0,764517529215359 2,44695211399595E-07 -1,6746429584983E-07
0,770136894824708 -1,32809435188352E-07 3,97326335109448E-07
0,775756260434057 2,26104955274334E-07 6,88196327447855E-07
0,781375626043406 5,26875620302189E-07 1,29012117037786E-07
0,786994991652755 2,72516662888995E-07 1,79191287694002E-07
0,792614357262104 -4,10748212441507E-08 -1,52831789099832E-08
0,798233722871452 4,7649471919408E-08 1,07036956864843E-07
0,803853088480801 3,73479763176609E-07 -7,20445034007472E-07
0,80947245409015 -4,7870683248826E-08 3,93262392604402E-08
0,815091819699499 -5,91930400987507E-08 7,89528423611068E-09
0,820711185308848 -4,43109191319726E-07 -1,22913628676702E-07
0,826330550918197 -1,93943796568045E-07 -2,74461605525862E-07
0,831949916527546 5,38883919254629E-07 5,29354178609774E-07
0,837569282136895 5,89545250195999E-09 6,24619120401872E-07
0,843188647746244 1,16238164331932E-07 3,05407590973321E-08
0,848808013355593 7,1624487004049E-07 2,17845409634286E-08
0,854427378964942 6,68563664013253E-08 -2,0302815783344E-07
0,86004674457429 -4,08932334972565E-07 4,9706767373574E-07
0,865666110183639 -3,36943259161592E-07 3,69761294585568E-07
0,871285475792988 3,59275354988198E-07 -3,22909518785219E-07
0,876904841402337 -6,43974807108803E-07 -4,11666651152235E-07
0,882524207011686 6,27297827610036E-07 2,13389800013701E-07
0,888143572621035 -3,1643968659124E-07 -3,8105374489454E-07
0,893762938230384 5,3199827068165E-07 -2,36080556075167E-07
0,899382303839733 -9,00708383802766E-08 1,40657096064378E-08
0,905001669449082 -2,2342857690022E-07 1,45238288846384E-07
0,910621035058431 7,92950813062909E-10 5,90948607569688E-07
0,91624040066778 9,74880291622462E-08 -1,33877974730549E-07
0,921859766277129 -9,92581748922151E-08 4,45225029308809E-07
0,927479131886477 1,79286492016717E-07 -4,42504319695163E-07
0,933098497495826 4,18925164425387E-07 2,33755510666632E-07
0,938717863105175 5,19245710053376E-07 -2,26632084359808E-07
0,944337228714524 -3,29420014034338E-07 5,71048374166522E-07
0,949956594323873 -1,7531515201698E-07 -1,29667189790182E-07
0,955575959933222 -1,57024999096525E-07 -6,87440337122823E-07
0,961195325542571 -5,79287082589994E-07 1,2728703426913E-08
0,96681469115192 8,75083470845344E-07 2,34666169201186E-07
0,972434056761269 1,03357674143046E-07 -5,7305564918857E-08
0,978053422370618 1,00921861080463E-07 5,30157004777294E-07
0,983672787979966 7,08711277710902E-09 -3,09416901318783E-07
0,989292153589316 -6,96019041147598E-07 -7,78073461467792E-08
0,994911519198665 -1,66324818264776E-07 4,90765333608436E-07
1,00053088480801 6,11978984716455E-07 2,91700171203317E-08
1,00615025041736 -1,63805933255386E-07 -2,80829533087719E-07
1,01176961602671 4,1109070473692E-07 3,78899800456243E-07
1,01738898163606 -1,63528381096989E-07 -7,50291589491542E-07
1,02300834724541 2,03014184958971E-07 4,01519522808804E-07
1,02862771285476 -3,3728767886067E-08 -1,67006457943208E-07
1,03424707846411 2,41688493053372E-07 -4,88755783090156E-07
1,03986644407346 3,23702936954799E-07 -7,72362050972461E-07
1,0454858096828 2,97139275418747E-08 -2,76511496928837E-07
1,05110517529215 2,71442057090586E-08 1,0671372980916E-06
1,0567245409015 -1,03547439663526E-07 2,52566464704252E-07
1,06234390651085 6,56211896167229E-07 3,65481587006557E-07
1,0679632721202 4,56184805112377E-07 5,39594770885914E-07
1,07358263772955 -4,99363540416168E-07 5,35412802198601E-09
1,0792020033389 2,88949766689884E-07 8,28987791971501E-07
1,08482136894825 8,8996287160859E-07 -9,86865696663775E-07
1,0904407345576 -2,12745859783162E-07 1,37967272699561E-07
1,09606010016695 -7,44661992764814E-07 9,00603993817169E-07
1,10167946577629 -2,67070387821336E-07 -2,58912121793086E-07
1,10729883138564 4,39928690279404E-07 -3,07638968885945E-07
1,11291819699499 -1,82485593794385E-07 6,40931563878212E-07
1,11853756260434 -6,53730447026181E-07 -2,34023094221668E-07
1,12415692821369 8,47774509642486E-07 -2,84350929736456E-07
1,12977629382304 -4,27801008424305E-08 1,11435826949197E-06
1,13539565943239 -1,41268620219598E-06 -6,91840641727157E-07
1,14101502504174 4,00826550266021E-07 3,74213217800346E-07
1,14663439065109 2,00816344499027E-07 7,93436986880546E-07
1,15225375626043 -9,36931316390595E-07 9,13247215554444E-07
1,15787312186978 7,63191502290596E-07 -1,8553764707833E-06
1,16349248747913 -7,82771527387624E-09 5,58697998686653E-07
1,16911185308848 -2,35183612144129E-07 -1,4629471781705E-07
1,17473121869783 -9,13007071096833E-07 -1,15055681808477E-06
1,18035058430718 -4,49174301498486E-08 -2,97156084881495E-07
1,18596994991653 -5,54953976552631E-07 -3,99474903555873E-07
1,19158931552588 7,8090245283054E-07 -3,67956420230089E-07
1,19720868113523 7,37525434867872E-07 -4,04766017763874E-07
1,20282804674457 -1,12457228132308E-06 1,373343622031E-07
1,20844741235392 1,09568651823238E-06 -2,58127787835827E-07
1,21406677796327 1,20210085347603E-06 1,75464503462037E-06
1,21968614357262 3,34650036400482E-07 -4,08674598015992E-07
1,22530550918197 -7,81680457656316E-08 -1,01526481237654E-06
1,23092487479132 6,6195428291375E-07 -3,83349964158433E-07
1,23654424040067 -4,3086898669871E-07 2,15012311302347E-06
1,24216360601002 -9,02015211748779E-07 -5,22540224280712E-07
1,24778297161937 1,21356761135121E-06 8,43726758803597E-08
1,25340233722871 1,5431473163199E-07 -2,85470426100649E-07
1,25902170283806 -9,54454476053056E-07 1,07637501020744E-06
1,26464106844741 3,17862150361349E-07 -1,19590568655438E-06
1,27026043405676 -8,92074011972244E-07 -2,6861601718197E-07
1,27587979966611 -6,47428657003567E-07 6,07756967658936E-07
1,28149916527546 4,84575450573526E-07 9,74234911843597E-08
1,28711853088481 1,62374944032266E-06 3,51654549129874E-07
1,29273789649416 -4,47788195921641E-07 -1,64824208945736E-07
1,29835726210351 6,10036496540477E-08 3,16285711031203E-07
1,30397662771285 4,13218712858802E-07 1,83998110306966E-07
1,3095959933222 -1,64829385241723E-06 4,92232037922908E-07
1,31521535893155 -1,04447786587916E-06 -1,95356207539432E-06
1,3208347245409 -1,14194356119727E-08 -3,55340195558253E-08
1,32645409015025 1,17024320742341E-06 -4,4680105672848E-07
1,3320734557596 1,3426677188284E-07 -5,20584200466041E-07
1,33769282136895 2,91381535672093E-07 -4,37081956549943E-07
1,3433121869783 9,83062995080665E-08 -5,53640303604939E-07
1,34893155258765 6,91634431482482E-07 4,93567979541034E-07
1,354550918197 1,15815637640166E-06 -1,79621227374908E-07
1,36017028380634 4,11331504143923E-07 1,84001661729135E-07
1,36578964941569 -4,31899974358474E-07 5,60193028790074E-08
1,37140901502504 6,44202430972421E-07 6,56583481516352E-07
1,37702838063439 3,79456740198249E-07 -1,86685927750593E-07
1,38264774624374 1,82289361776362E-07 2,69024043495374E-07
1,38826711185309 6,74654413976125E-07 3,04806108038687E-07
1,39388647746244 -3,22081670288332E-07 -3,30811198178313E-07
1,39950584307179 3,60865848647835E-07 3,01733817373235E-07
1,40512520868114 7,24223816181797E-07 -6,44741910505298E-09
1,41074457429048 -1,20360656695108E-07 6,70725579008268E-07
1,41636393989983 1,05050969439381E-06 7,07406598074906E-08
1,42198330550918 -7,5404148307332E-07 1,97223647995946E-07
1,42760267111853 2,4651006385298E-07 1,80920611402749E-06
1,43322203672788 4,32335097082925E-07 6,27382304849235E-07
1,43884140233723 -1,63196280414793E-07 5,95077125586927E-08
1,44446076794658 -1,68225687603103E-06 -6,29454408802945E-07
1,45008013355593 5,26228394132538E-07 4,1378408651521E-07
1,45569949916528 -4,10933577066068E-07 2,83040047637805E-07
1,46131886477462 -1,19028210500113E-06 -3,86377492354953E-07
1,46693823038397 6,03526959906465E-07 -5,83364967665483E-07
1,47255759599332 -8,53022406944433E-08 8,79303787110957E-07
1,47817696160267 7,36609990916711E-07 4,73465100525125E-07
1,48379632721202 1,03191542386324E-06 -7,69584583372909E-07
1,48941569282137 1,46094527507386E-07 -2,32732365527669E-07
1,49503505843072 -2,0183779891911E-08 -3,59622675444633E-08
1,50065442404007 -1,8334064032679E-06 6,86084597408867E-08
1,50627378964942 -1,55540048131911E-07 1,97487128131048E-07
1,51189315525876 4,60669121643668E-07 4,92773270945461E-07
1,51751252086811 -5,11578912964817E-07 -4,50185917147979E-07
1,52313188647746 -2,96228603231463E-07 1,3993823773239E-06
1,52875125208681 4,92856175975832E-07 -1,17181719416444E-06
1,53437061769616 2,3502081768624E-07 -5,96468276170024E-07
1,53998998330551 1,03628588850161E-06 -8,40553650046077E-07
1,54560934891486 3,68266163578445E-07 8,31874662177033E-07
1,55122871452421 6,24261749627569E-07 -2,71973241526574E-07
1,55684808013356 1,34728989896893E-06 9,97881436827107E-08
1,5624674457429 -8,84656212845332E-07 4,98458800091262E-07
1,56808681135225 1,10768450522948E-07 -1,97896803427626E-08
1,5737061769616 -7,17253246150253E-07 1,96450927340508E-06
1,57932554257095 4,36706828862365E-07 7,74598085828041E-07
1,5849449081803 -4,48285364964317E-07 -6,54472022091565E-07
1,59056427378965 -2,81669193139241E-07 9,77392292991594E-07
1,596183639399 -1,30682283545914E-06 5,0744618508161E-07
1,60180300500835 3,75059346874763E-07 -5,94600986706484E-07
1,6074223706177 -7,7105744796647E-07 -1,50180426301161E-06
1,61304173622705 9,41821421368273E-07 -1,310962102859E-06
1,61866110183639 8,48999282105997E-07 1,75554862180123E-06
1,62428046744574 8,888093303584E-07 -5,00245280683427E-08
1,62989983305509 3,23608181143064E-08 -1,5308818789651E-06
1,63551919866444 -4,25600729086241E-07 2,21978654660596E-06
1,64113856427379 9,79879582101943E-07 1,82919669907149E-06
1,64675792988314 -1,07098838885909E-06 -7,46434622356318E-07
1,65237729549249 -9,21518463990259E-07 4,94337942882343E-09
1,65799666110184 -4,37887756710453E-07 -7,87010080911146E-08
1,66361602671119 1,87812551366743E-07 -1,1064718988554E-07
1,66923539232053 -1,82243512489242E-07 6,37746406454175E-07
1,67485475792988 -9,06744439774827E-08 -4,80077664158319E-07
1,68047412353923 2,23877975530069E-07 5,33510555704487E-07
1,68609348914858 1,05872583166099E-06 8,75531270504444E-08
1,69171285475793 -4,0034971904218E-07 -1,4380968276367E-06
1,69733222036728 3,99764981661386E-07 5,88365566223614E-07
1,70295158597663 -7,95247296385592E-07 7,19659238424047E-07
1,70857095158598 -9,67997563704542E-08 1,54297747639784E-06
1,71419031719533 -7,59041808258277E-07 -2,99552446959439E-08
1,71980968280467 -1,30316448473345E-07 2,56548367295277E-07
1,72542904841402 -6,80312848966404E-07 -1,92164708135377E-07
1,73104841402337 -1,47285866609149E-07 -9,32479023681894E-07
1,73666777963272 2,96802919658115E-07 1,25281974847973E-07
1,74228714524207 -6,63509113455448E-07 -5,78633513730378E-07
1,74790651085142 -2,63383320999098E-07 7,25083274270372E-09
1,75352587646077 -1,31221492957506E-07 -4,65819612616393E-07
1,75914524207012 -1,875145725311E-07 -7,99778674131979E-08
1,76476460767947 9,49949771976627E-07 -8,99795728796629E-07
1,77038397328881 -3,1159877809089E-07 8,48001817314243E-07
1,77600333889816 7,06846632704283E-07 -8,45641037180673E-09
1,78162270450751 4,87922235633368E-07 3,23095144283182E-07
1,78724207011686 5,28717568325914E-07 7,60055467610417E-07
1,79286143572621 -1,00318130829083E-06 -1,06149959628102E-06
1,79848080133556 1,69893791081079E-08 6,37068850845665E-07
1,80410016694491 -5,60962589697218E-07 2,91259759120556E-07
1,80971953255426 -1,05495603901879E-06 -1,1871148719529E-06
1,81533889816361 9,64271717451093E-07 3,706245696399E-07
1,82095826377296 -5,63963296102185E-09 2,42248564224177E-08
1,8265776293823 2,17473758173745E-07 5,1069605060403E-08
1,83219699499165 3,23492449854662E-07 -2,30846419742296E-07
1,837816360601 5,70689895679973E-07 5,49809898498795E-07
1,84343572621035 -3,41297516918669E-07 1,0362811589691E-07
1,8490550918197 -1,1809127395613E-06 1,73974983004895E-07
1,85467445742905 1,15061096160072E-06 -5,64231093431745E-07
1,8602938230384 -4,9967499101756E-08 4,06402249558975E-07
1,86591318864775 -6,69579429562643E-07 -2,97514497888623E-07
1,8715325542571 -5,83427846748474E-07 -7,02412108994321E-07
1,87715191986644 4,07928186600765E-07 8,42868819505818E-07
1,88277128547579 7,13707452378737E-07 4,09689383344823E-07
1,88839065108514 1,24016211530089E-06 2,53648147318222E-07
1,89401001669449 -1,77695445027671E-06 5,87488178967355E-07
1,89962938230384 -1,48676645703619E-06 -1,8373202094479E-07
1,90524874791319 1,40798202215052E-06 -1,49780973570693E-06
1,91086811352254 -5,74583901572313E-07 1,77807510756944E-07
1,91648747913189 -3,96878459910572E-07 -4,92313346708512E-07
1,92210684474124 4,44621090095219E-07 -6,04443699410846E-07
1,92772621035058 -9,78700824979349E-08 5,27234749893861E-07
1,93334557595993 1,68531915621466E-07 -3,33445980571888E-07
1,93896494156928 1,99650679835065E-07 6,19733633878392E-07
1,94458430717863 6,14747869547535E-07 4,6860773334074E-08
1,95020367278798 7,16617634315049E-07 3,96104813052612E-07
1,95582303839733 -5,45689477237305E-07 -1,33050024172591E-07
1,96144240400668 1,90559188435463E-07 -8,68380528729203E-07
1,96706176961603 -9,12889235563378E-08 -4,73059644765936E-07
1,97268113522538 -4,70885758790874E-07 4,42597266452063E-07
1,97830050083473 2,50574403227071E-08 -9,35971017842218E-08
1,98391986644407 4,90728016505053E-07 -1,41824901170792E-07
1,98953923205342 6,28922511165981E-07 1,0112460255484E-06
1,99515859766277 6,48145078448359E-09 -9,9169015088602E-08
2,00077796327212 2,71471924453378E-07 9,93643246806979E-08
2,00639732888147 -3,52387228704569E-07 -2,16601732819295E-07
2,01201669449082 -6,86845720807374E-07 3,59015151217173E-08
2,01763606010017 1,02584616548744E-07 4,14642889223859E-07
2,02325542570952 3,46283977366306E-07 2,12834739232656E-08
2,02887479131887 4,79428332529478E-07 -2,49441122136915E-07
2,03449415692821 1,31909804693484E-07 3,32185910122175E-07
2,04011352253756 -1,0483782703889E-07 9,3268785423314E-08
2,04573288814691 8,41557621653003E-07 -4,51054370269061E-07
2,05135225375626 -8,70228228987046E-07 -2,17276607363355E-07
2,05697161936561 -1,93062598711641E-07 -3,76074414483458E-08
2,06259098497496 1,38477834255379E-07 1,29548861676017E-06
2,06821035058431 -7,18624822038421E-07 -9,36982008313462E-07
2,07382971619366 -4,84143525035271E-07 -3,00781922238885E-07
2,07944908180301 1,00625923060294E-06 5,00032518024722E-07
2,08506844741235 5,96905458827346E-07 -3,33203325219099E-09
2,0906878130217 1,96050812284924E-07 -6,29803103955209E-07
2,09630717863105 6,90041952045541E-07 8,60062236446487E-07
2,1019265442404 9,12839248370999E-07 9,02871205384173E-07
2,10754590984975 -7,71100587509517E-07 -1,94049389465612E-07
2,1131652754591 -4,57584608757887E-07 -1,64963651597586E-06
2,11878464106845 -2,54472114728254E-07 1,14864366667659E-06
2,1244040066778 -1,25034099075693E-07 1,14301231237928E-06
2,13002337228715 4,61894293234205E-08 2,56738573449458E-07
2,13564273789649 1,01665442346175E-07 -9,57662299293223E-07
2,14126210350584 1,14995253609266E-06 1,04373892635093E-06
2,14688146911519 -1,06014217068629E-06 -1,39740224823873E-07
2,15250083472454 -4,20678098875828E-07 -3,76793725638842E-07
2,15812020033389 -4,41275262796946E-07 2,54033806355449E-07
2,16373956594324 1,1581530813843E-07 3,69439711702453E-07
2,16935893155259 1,487996980802E-07 -5,88371603422886E-08
2,17497829716194 4,03645882386299E-07 1,33667119497648E-07
2,18059766277129 -7,63748212652432E-08 -2,21588066902229E-07
2,18621702838063 -4,26953892882244E-07 7,37490443767276E-07
2,19183639398998 -1,1724883411772E-07 -2,36126650887381E-07
2,19745575959933 5,30398987385846E-07 -1,09156786243026E-06
2,20307512520868 -2,83273061721064E-07 3,11457796798165E-07
2,20869449081803 1,51233278463981E-07 -3,73297308964512E-08
2,21431385642738 6,88276114641083E-09 3,00531312842639E-07
2,21993322203673 -2,73268049474206E-07 -2,22985778011664E-07
2,22555258764608 7,90486704915178E-08 5,00616939549307E-07
2,23117195325543 -2,88700382337763E-08 5,82770752441076E-07
2,23679131886477 7,48257306952616E-07 -3,23544417180579E-07
2,24241068447412 -2,54582265369288E-07 1,82300571013331E-07
2,24803005008347 1,13018032417178E-08 9,58867969359769E-07
2,25364941569282 -6,99595222501745E-07 2,35529688464097E-07
2,25926878130217 4,46850461193227E-07 1,76958560793873E-07
2,26488814691152 -1,82938356457843E-07 -5,67286275257284E-07
2,27050751252087 -1,06331927235873E-06 3,6906811187477E-07
2,27612687813022 -1,47477193441296E-07 -2,86672447955808E-07
2,28174624373957 -1,0534786500353E-06 5,60708700669891E-08
2,28736560934892 1,07873723352621E-06 3,31000386784023E-07
2,29298497495826 -1,05277313257121E-06 -8,02777775499305E-07
2,29860434056761 -6,14164875155945E-07 -8,31918347182872E-07
2,30422370617696 8,1226026549027E-07 -2,55522378664601E-07
2,30984307178631 1,78219682378486E-07 -1,46970796292975E-07
2,31546243739566 -2,53398585848604E-07 -2,95122280956566E-07
2,32108180300501 1,11364260362179E-07 -3,80227952642952E-07
2,32670116861436 1,20268987430468E-06 7,93037882182836E-07
2,33232053422371 -7,14248654343779E-07 7,95484248556349E-07
2,33793989983306 6,32264230847833E-08 -2,67056818728803E-07
2,3435592654424 7,81425670260943E-07 -1,20033441330106E-06
2,34917863105175 2,58648640581611E-07 4,23203861132267E-07
2,3547979966611 3,80395255200549E-07 -1,686279889761E-07
2,36041736227045 8,18601329416639E-08 -1,71140014211854E-07
2,3660367278798 -1,51415453274134E-07 5,90535291284887E-09
2,37165609348915 -8,08735136248397E-07 7,66056656493122E-07
2,3772754590985 4,03137833530173E-07 7,1556684424169E-07
2,38289482470785 -5,05267838813682E-07 1,80742945801988E-07
2,3885141903172 -3,31441548544602E-07 -1,16599391438946E-07
2,39413355592654 5,03856872861616E-07 2,85436049281899E-08
2,39975292153589 8,29790208764496E-07 1,03367839774895E-07
2,40537228714524 -4,13151929988785E-07 -5,69253668680633E-07
2,41099165275459 -2,30444825547015E-07 -2,7208125368354E-07
2,41661101836394 7,92920771073394E-08 -1,46091282588147E-07
2,42223038397329 2,26436215461971E-07 9,95460629424543E-07
2,42784974958264 -1,83956452032171E-07 5,69116687134348E-07
2,43346911519199 -1,00165816640092E-07 -6,44913081542434E-07
2,43908848080134 1,53035260129337E-07 7,35865075300848E-07
2,44470784641068 -5,60549478821359E-08 2,35563216738195E-07
2,45032721202003 -1,23397404486986E-07 -3,67932960000769E-09
2,45594657762938 -5,84389112892676E-07 -1,93824920180775E-06
2,46156594323873 -1,04136980112811E-06 5,33120334470453E-07
2,46718530884808 2,39195093511504E-07 1,07414761120642E-06
2,47280467445743 -5,07795838443913E-07 1,09674858581182E-07
2,47842404006678 3,47590602177458E-07 -5,70871750479155E-07
2,48404340567613 -3,48450943456702E-08 4,41690649706851E-07
2,48966277128548 4,63829334700231E-07 -2,74000230738232E-07
2,49528213689482 3,31102277448132E-07 -1,30755682437128E-06
2,50090150250417 3,99381905912686E-07 -6,33543508068317E-07
2,50652086811352 -6,29316631317262E-08 -2,02617017288031E-07
2,51214023372287 -5,26003016147264E-07 6,73675039548846E-07
2,51775959933222 7,29689564547276E-07 -4,8649301259671E-08
2,52337896494157 1,22987143048262E-08 -7,77810209010423E-08
2,52899833055092 -9,70106275966182E-08 -1,18054736390637E-08
2,53461769616027 1,29198927436644E-07 6,79313648150394E-07
2,54023706176962 -3,83292416277062E-08 5,26886809618298E-07
2,54585642737896 3,39582373973443E-07 -1,35900889526528E-08
2,55147579298831 1,15296970575861E-07 -3,43996014236602E-07
2,55709515859766 2,86641584113629E-07 -1,52847151823209E-08
2,56271452420701 -9,32208117096069E-09 -5,65345794282519E-07
2,56833388981636 -1,29651270393629E-07 3,61980775222771E-07
2,57395325542571 -2,68876399385132E-08 1,08355689253553E-06
2,57957262103506 -3,42732544656734E-07 4,42190727954161E-07
2,58519198664441 2,67824508276149E-07 -7,00860473067163E-07
2,59081135225376 -2,47914237003989E-07 1,92263989034282E-07
2,59643071786311 6,31576342569344E-07 -3,77899055196465E-07
2,60205008347245 -5,54746639393136E-07 -2,647684115353E-07
2,6076694490818 -2,19928902035174E-07 -1,97437297231588E-07
2,61328881469115 -5,5873794152216E-07 6,56480375405628E-07
2,6189081803005 3,90856905933706E-07 2,34288519306357E-07
2,62452754590985 -1,6758899301402E-07 -3,47906533438974E-07
2,6301469115192 5,99494581309593E-08 -2,59976290284031E-07
2,63576627712855 6,50696842402341E-07 2,29974036005656E-07
2,6413856427379 3,1894824273507E-07 4,88788860448042E-08
2,64700500834725 -1,55602845063822E-07 1,46861863364503E-07
2,65262437395659 3,81760977965631E-07 -1,20901340048348E-07
2,65824373956594 -2,67141720850924E-07 6,42535240926367E-07
2,66386310517529 5,7942239214736E-07 -2,45344103953419E-07
2,66948247078464 -3,84372738577149E-07 2,74875174368773E-07
2,67510183639399 -1,90269088322344E-07 -6,40899263302799E-07
2,68072120200334 -3,05535552165873E-07 1,2390279142087E-07
2,68634056761269 2,37715839203492E-07 5,81914731119535E-07
2,69195993322204 -4,16200470419605E-07 -3,43016549652345E-07
2,69757929883139 1,22152527710346E-07 1,32559004175529E-06
2,70319866444074 -2,21309202090951E-07 3,46974433953316E-07
2,70881803005008 1,74206878987346E-07 -3,17603779825176E-07
2,71443739565943 2,42948476713455E-07 1,06399792848033E-08
2,72005676126878 1,79358499682913E-07 -1,75352560436924E-07
2,72567612687813 -7,32908450878299E-07 -3,24512438703144E-07
2,73129549248748 -3,64132707604376E-08 3,08416425475088E-07
2,73691485809683 -7,48317875933762E-08 2,6964807968965E-07
2,74253422370618 -7,68405840633962E-07 6,64102108543694E-07
2,74815358931553 -8,40347283897826E-08 -3,46045655323197E-07
2,75377295492488 -2,84996932457433E-08 -3,94945025379942E-07
2,75939232053422 -7,97036548260125E-08 -2,14451466069668E-07
2,76501168614357 -4,28543569499155E-07 1,54312688184044E-07
2,77063105175292 -6,38634056661325E-07 -2,37672800348476E-07
2,77625041736227 -1,4632983228675E-07 2,62575019754007E-07
2,78186978297162 -3,49961621645152E-07 -2,91265662543587E-07
2,78748914858097 1,22140234375148E-07 -8,74995126769821E-07
2,79310851419032 -1,28241150249196E-07 -7,21261265048762E-08
2,79872787979967 4,01623385372378E-07 -4,45349559307928E-07
2,80434724540902 3,52553949887106E-07 2,06385069705973E-07
2,80996661101836 4,56548522020524E-08 -8,17718792204811E-07
2,81558597662771 1,72350232919326E-08 -4,57152264174144E-07
2,82120534223706 6,43909891964458E-07 3,72865188989478E-07
2,82682470784641 -3,29658479654307E-07 -1,67313837572373E-07
2,83244407345576 -5,10957782640214E-07 -3,12041702932333E-07
2,83806343906511 4,97058422267619E-07 1,15840652835134E-09
2,84368280467446 3,20624971203946E-07 -7,96757473195834E-08
2,84930217028381 2,17984346260019E-08 -4,40244546412494E-07
2,85492153589316 2,688830648197E-07 4,50564586974722E-07
2,8605409015025 1,82940238102337E-07 8,78238085749646E-07
2,86616026711185 -1,02218021310913E-07 -1,15443003825019E-06
2,8717796327212 7,48843506434274E-07 -2,95699942194697E-07
2,87739899833055 1,64447013855762E-07 5,94285093910575E-07
2,8830183639399 -1,62499952565614E-07 -1,1434200958092E-07
2,88863772954925 -1,20600154728243E-07 -3,10840200404358E-07
2,8942570951586 -3,84929556358771E-07 -8,55120104065069E-08
2,89987646076795 5,46795673218359E-07 3,04367975704748E-07
2,9054958263773 2,81509000981889E-07 -5,83789239153592E-07
2,91111519198664 6,37991553801763E-07 -2,35048277945785E-07
2,91673455759599 -9,90087848528798E-08 -6,59493068475971E-07
2,92235392320534 6,10751016751359E-07 4,07192808951672E-07
2,92797328881469 2,75719130695468E-07 1,10459879243043E-07
2,93359265442404 2,02725015962175E-07 6,4112906314036E-07
2,93921202003339 8,94895914234634E-07 5,27218440232348E-07
2,94483138564274 8,91858247748029E-08 1,06345667580523E-07
2,95045075125209 -1,21241634252552E-07 -2,22050919638669E-07
2,95607011686144 6,09780429382558E-07 5,46442524632836E-07
2,96168948247078 5,03410362276875E-07 7,78230440057026E-08
2,96730884808013 1,57855353386242E-07 1,49381240706717E-07
2,97292821368948 -8,96454971426196E-08 4,65999398011097E-07
2,97854757929883 -2,97732436807447E-07 5,95811765172875E-07
2,98416694490818 8,77440578909554E-08 2,33428126454285E-07
2,98978631051753 9,44157301550628E-08 4,64292921374841E-07
2,99540567612688 -3,37140110770231E-07 5,45690763360538E-07
3,00102504173623 2,71942323634583E-07 -1,22303120699254E-07
3,00664440734558 -1,35167369743689E-07 4,29407741335879E-07
3,01226377295493 -2,29173182346676E-08 7,29166515282779E-07
3,01788313856427 -5,58302091258755E-08 -6,93661099789893E-07
3,02350250417362 1,74758085536059E-07 7,51620142027663E-07
3,02912186978297 8,41513182325037E-08 1,98969096809224E-07
3,03474123539232 -3,22109547106585E-07 2,21252843171014E-08
3,04036060100167 1,47348384101519E-07 7,26741075194058E-08
3,04597996661102 -2,16688149648029E-07 4,03508190823954E-07
3,05159933222037 -6,91455306684737E-07 8,15553513397271E-07
3,05721869782972 -2,50690113245915E-07 7,41141621078381E-07
3,06283806343907 1,45929729552196E-07 1,53859270733621E-07
3,06845742904841 2,84276926323415E-07 6,49728112127686E-07
3,07407679465776 -1,26138562659809E-06 1,35291686460631E-07
3,07969616026711 -1,64880730009839E-07 -3,42883855654067E-08
3,08531552587646 -4,74949012214683E-07 -7,56630672387785E-08
3,09093489148581 -8,59681936075791E-07 -6,20779056532069E-07
3,09655425709516 -5,83926138257344E-08 5,05140910899265E-08
3,10217362270451 -1,07504396298315E-06 3,79501063097739E-07
3,10779298831386 -2,1225046174585E-07 2,05488324692864E-07
3,11341235392321 8,29846404309827E-08 -9,64106111666637E-07
3,11903171953255 -8,62302293085615E-07 2,5146458125816E-07
3,1246510851419 2,739304630539E-07 -7,35575832899674E-07
3,13027045075125 -5,84074421179373E-07 1,30808281532006E-07
3,1358898163606 9,70020578203382E-08 -1,08083351514275E-07
3,14150918196995 -2,04542977354133E-07 -2,08639798229941E-07
3,1471285475793 1,14556831128069E-06 -4,75394318873067E-07
3,15274791318865 7,76050650766836E-07 -1,78826945091075E-07
3,158367278798 -1,86712054261968E-06 2,00270584073817E-07
3,16398664440735 -2,12696523432349E-07 -1,01088837128725E-06
3,1696060100167 -3,63163898617476E-07 -1,72141269558544E-08
3,17522537562604 3,48167237088856E-08 3,35989211580409E-07
3,18084474123539 -8,29364286062312E-07 3,19122509270659E-07
3,18646410684474 7,18190603289806E-07 -6,28214323831452E-07
3,19208347245409 7,12841506683022E-07 -5,76465954147674E-08
3,19770283806344 -4,91347228208227E-07 1,78189542796642E-07
3,20332220367279 -8,79244431130057E-08 -7,3415945259578E-07
3,20894156928214 4,25109206476383E-07 -7,37797890458886E-07
3,21456093489149 2,54086683268926E-07 1,35946469693989E-09
3,22018030050083 -4,62984460152224E-07 -8,25990282734747E-07
3,22579966611018 3,50859290249268E-07 -1,55519094647812E-07
3,23141903171953 4,22985618233963E-07 7,99844672959874E-07
3,23703839732888 -6,01456188860996E-07 -1,42222811099306E-07
3,24265776293823 1,67291599949041E-07 5,13119992603576E-07
3,24827712854758 7,16899097459249E-08 -1,16406780696913E-06
3,25389649415693 4,29230703000335E-07 -2,59793913468316E-07
3,25951585976628 9,63378708950706E-07 3,36453194880215E-07
3,26513522537563 -4,14023077230408E-07 -2,20797326315365E-07
3,27075459098498 -6,19226796773662E-08 5,85303529257048E-07
3,27637395659432 6,53062501198613E-07 -4,68441962645419E-07
3,28199332220367 3,74550468550922E-08 1,09885147470394E-07
3,28761268781302 1,15959026108076E-07 2,34509681156153E-07
3,29323205342237 3,32490442357581E-07 3,36005733683636E-07
3,29885141903172 -2,30382690661512E-07 -3,06086352611333E-07
3,30447078464107 -3,09762816351403E-07 6,24827842350192E-07
3,31009015025042 -5,58455040674518E-07 -3,41450663567195E-07
3,31570951585977 1,58776693038291E-08 -3,1639438332413E-07
3,32132888146912 2,05349562764213E-07 1,47653030784825E-07
3,32694824707846 7,1502061039446E-07 -8,56226491688914E-07
3,33256761268781 1,06768942017653E-07 3,7670153042556E-07
3,33818697829716 8,35397178483984E-07 -1,68974282335191E-07
3,34380634390651 2,46288977697577E-07 5,27384782650999E-07
3,34942570951586 1,72433827293479E-07 -5,03264617194306E-08
3,35504507512521 -5,21849322342947E-07 4,73863509080223E-07
3,36066444073456 -6,30193376795438E-07 7,55515101218478E-07
3,36628380634391 -3,22806413750506E-07 -2,10755025609364E-08
3,37190317195326 4,3226231177034E-07 4,11647052366479E-08
3,3775225375626 3,14944678477862E-07 2,69083598675243E-07
3,38314190317195 -3,34775209107312E-08 -5,43071040011367E-08
3,3887612687813 2,77015753873437E-07 -7,19492296074522E-07
3,39438063439065 -8,13897298133359E-07 1,15136688333769E-07
3,4 -1,45394667927441E-07 -2,68485361749401E-08
