w Re(f(w)) Im(f(w))
0,034 -6,60928772852576E-07 3,63575172870421E-07
0,0396193656093489 -2,9701069079802E-07 -8,66242856051222E-07
0,0452387312186978 -7,33851685885412E-08 1,12893881485611E-07
0,0508580968280467 -5,07542802845964E-07 -9,66863703536915E-07
0,0564774624373957 -7,85533282369386E-08 -9,25964296313745E-08
0,0620968280467446 -5,5823342559849E-07 -5,90138240417684E-07
0,0677161936560935 9,11066407041152E-07 7,19438446172419E-08
0,0733355592654424 -4,05405782484896E-07 -1,06985182949695E-06
0,0789549248747913 -1,47355647638292E-07 1,11279383921975E-06
0,0845742904841402 6,94007152608052E-08 8,63389656644764E-07
0,0901936560934891 -4,48137728904925E-07 -1,36258786300818E-06
0,0958130217028381 -6,26348897478563E-07 -6,97850588775469E-07
0,101432387312187 9,68447781592734E-07 -8,01521063045811E-08
0,107051752921536 8,27355224753429E-07 -2,09941740940198E-08
0,112671118530885 9,72259682461799E-07 3,88176938847016E-07
0,118290484140234 -1,03350819128958E-06 6,89308216088111E-08
0,123909849749583 -1,20568157508401E-06 2,54555489380291E-07
0,129529215358932 -6,95494293370617E-07 4,19602759912171E-07
0,13514858096828 9,98501634898801E-08 -2,45414371284474E-07
0,140767946577629 5,59210291858868E-07 -9,75218665286659E-08
0,146387312186978 -5,40385087177049E-07 -9,25014654261218E-08
0,152006677796327 -4,45611276621782E-07 -5,55814095388649E-07
0,157626043405676 -1,0070472593192E-07 1,58588379831096E-07
0,163245409015025 8,14495140391823E-07 -6,01019714022122E-07
0,168864774624374 -5,48753519776247E-07 1,65442551082105E-07
0,174484140233723 3,92440923121094E-07 -3,42602502080922E-07
0,180103505843072 -1,18552332243779E-06 1,54938616680278E-07
0,185722871452421 -5,64864425003623E-07 -9,69775123978883E-07
0,19134223706177 3,93966578458688E-07 -7,43099283957117E-07
0,196961602671119 1,80732590328906E-08 8,33273877285103E-07
0,202580968280467 4,70211555952552E-07 -4,98526824886319E-08
0,208200333889816 4,60993673856361E-07 -3,74593853412307E-07
0,213819699499165 2,39668423939388E-07 -1,01311549227612E-06
0,219439065108514 -2,24839201028064E-08 4,99471563139503E-07
0,225058430717863 -2,3698097576592E-07 1,62215917416965E-07
0,230677796327212 -1,85084303751364E-07 -7,27342136673246E-07
0,236297161936561 8,40722263410091E-07 9,39002265905976E-07
0,24191652754591 -1,09981953279975E-06 2,21150830856822E-07
0,247535893155259 9,33767043791873E-07 6,81876348096127E-07
0,253155258764608 3,34977119455463E-07 -5,39106338180832E-07
0,258774624373957 -1,78086342960077E-06 -4,59940225435263E-07
0,264393989983306 -6,43948774500646E-08 2,12984698700292E-07
0,270013355592654 -1,56064338786109E-07 -2,16692043526748E-07
0,275632721202003 8,23286614058226E-07 -3,50619040932528E-07
0,281252086811352 -1,20432337222022E-06 -4,05757946560349E-07
0,286871452420701 -4,98845734588051E-07 3,53864894834314E-07
0,29249081803005 -8,55239346798797E-07 1,98272519875493E-07
0,298110183639399 -3,63591824805671E-07 -1,37683191657201E-06
0,303729549248748 3,98072724661266E-07 1,64588235791603E-07
0,309348914858097 3,4841715839453E-07 -1,03537188374581E-06
0,314968280467446 1,71427978528388E-06 -1,51128574071434E-06
0,320587646076795 1,34847604599822E-08 -1,33827344940562E-07
0,326207011686144 -2,83944934319478E-07 -7,10440191809469E-07
0,331826377295492 -2,09888093631396E-07 -2,0859691357853E-07
0,337445742904841 1,18784763286869E-06 4,10752142966115E-07
0,34306510851419 -4,46911232616396E-07 7,18444567863174E-07
0,348684474123539 7,76203138434502E-07 -3,74502333923333E-07
0,354303839732888 -1,30059664677564E-07 3,34155818458192E-07
0,359923205342237 1,10945897104694E-06 5,92871719254398E-07
0,365542570951586 -7,68154301049978E-07 -5,1735316942494E-07
0,371161936560935 -8,81852875454948E-08 -1,60714218788266E-08
0,376781302170284 7,50564959866577E-07 4,94001516174848E-07
0,382400667779633 -1,25898036990526E-06 -9,949986825334E-09
0,388020033388982 1,52510466732509E-06 -1,81418645528052E-06
0,393639398998331 1,08985015965723E-06 -8,14508772480837E-07
0,39925876460768 -6,05526473741555E-07 -7,39180938595934E-08
0,404878130217028 -1,08976989268421E-06 8,67011258358719E-07
0,410497495826377 1,33276600607684E-07 1,87242625733018E-06
0,416116861435726 -3,20329500199948E-07 1,06911789752366E-06
0,421736227045075 2,33856167969838E-06 -1,6207763791081E-07
0,427355592654424 -1,58782932404245E-06 -1,43798521434659E-06
0,432974958263773 1,19106229242325E-06 -1,13594870408443E-06
0,438594323873122 -2,09512551049747E-07 2,11516492364494E-06
0,444213689482471 -5,50577530267906E-07 -2,39968432270231E-06
0,44983305509182 5,32539252720994E-08 7,53405945114915E-07
0,455452420701169 -6,80266494722074E-07 2,66857807632674E-07
0,461071786310518 5,58262924116541E-07 -3,90413909173983E-08
0,466691151919866 4,0428554342303E-07 4,2530355089342E-07
0,472310517529215 1,24662599804128E-07 1,23151367277627E-07
0,477929883138564 2,60933956170416E-07 -3,66061875335223E-07
0,483549248747913 -4,92018557677338E-07 7,6910285826655E-07
0,489168614357262 2,33785065213196E-07 -7,59746019078097E-07
0,494787979966611 -2,98815768372625E-07 1,86679598888023E-07
0,50040734557596 2,42040638481079E-07 2,68728978206621E-07
0,506026711185309 -2,92452909136997E-07 3,68992566001071E-07
0,511646076794658 9,16378980479697E-08 -3,42288620809855E-07
0,517265442404007 -8,73032597171847E-07 3,86863549256264E-07
0,522884808013356 7,84006628205289E-07 -7,46027213939297E-07
0,528504173622705 -2,38143125287379E-07 -1,14557434529767E-07
0,534123539232053 -2,75990512510657E-07 -7,06639736386719E-07
0,539742904841402 -6,43371410098408E-07 1,24308246157226E-07
0,545362270450751 4,43434977288503E-07 -1,57315123284687E-07
0,5509816360601 4,66753077515654E-08 -1,00970828278985E-06
0,556601001669449 2,57331658279195E-07 3,40743008250882E-07
0,562220367278798 9,4904907040587E-08 -3,40961968609693E-08
0,567839732888147 5,23594196401826E-07 4,24688841329481E-07
0,573459098497496 5,81913640152961E-07 -2,16784161504288E-07
0,579078464106845 3,99321950749057E-08 2,04923924224985E-07
0,584697829716194 5,17391368641628E-07 -2,04822304102544E-08
0,590317195325543 2,17903223932207E-07 -8,32342408691077E-07
0,595936560934892 -2,58494861133302E-07 2,78832163111859E-07
0,60155592654424 -2,76091714363205E-07 -2,06942398679827E-08
0,607175292153589 1,22105287458195E-07 3,21435894377266E-07
0,612794657762938 1,12233760597905E-07 -1,51007904476932E-07
0,618414023372287 -1,32926749600779E-07 5,83744267632868E-07
0,624033388981636 -2,49116871611049E-07 1,51704310894569E-07
0,629652754590985 1,25017057735905E-07 2,59869306263543E-07
0,635272120200334 5,40029049383837E-07 -8,36728856338679E-08
0,640891485809683 -1,29329320547561E-07 -1,19962551968134E-07
0,646510851419032 -2,10643248761826E-07 -8,87159502934142E-07
0,652130217028381 4,18651760560591E-07 1,65636624558335E-07
0,65774958263773 1,94590437382182E-07 6,46399655848326E-07
0,663368948247079 -6,72108675074879E-07 2,64967322634165E-08
0,668988313856427 -3,01708153181393E-07 -5,85712195529712E-07
0,674607679465776 3,62663858366573E-08 -1,02053323640562E-07
0,680227045075125 8,33023270128885E-08 -1,43660582544681E-07
0,685846410684474 -1,2397539344991E-07 -1,54615931947593E-07
0,691465776293823 2,29587871019265E-07 -3,52581580015313E-07
0,697085141903172 5,62722496749459E-07 -2,24973271732808E-07
0,702704507512521 2,06845856954298E-07 3,7164326692344E-07
0,70832387312187 3,72859832134386E-07 2,11894212996281E-07
0,713943238731219 2,20693641632116E-07 -4,37804471542127E-07
0,719562604340568 -3,40155068088392E-07 5,51285537082388E-07
0,725181969949917 1,47421344423441E-07 1,50836245116411E-07
0,730801335559266 2,53349815800075E-08 -4,64313955290474E-07
0,736420701168614 -2,39475308872627E-07 -6,72984358622869E-08
0,742040066777963 -2,03073573430803E-07 2,97496475235741E-08
0,747659432387312 7,0797590848324E-07 3,86011079844501E-07
0,753278797996661 7,26082806614042E-07 -2,42570934778939E-07
0,75889816360601 -7,06302243316193E-07 -7,10109161061939E-07
0,764517529215359 -2,43498275339812E-07 6,26938790634758E-07
0,770136894824708 2,2352327707612E-07 3,01294422648513E-07
0,775756260434057 -2,27394487845562E-07 -2,73562382249178E-07
0,781375626043406 -1,61418113728558E-07 -2,46569844742164E-07
0,786994991652755 6,6219412119715E-07 2,63389935131114E-07
0,792614357262104 2,90903478454493E-07 -7,86835205773908E-07
0,798233722871452 -7,9700492662452E-08 4,78551349579781E-07
0,803853088480801 -2,84346702409269E-07 -2,21256911546417E-07
0,80947245409015 1,43084659305189E-07 -8,00525246831703E-09
0,815091819699499 4,67007470413348E-07 -1,97384101345323E-07
0,820711185308848 1,67413668545707E-07 -4,65194326381107E-07
0,826330550918197 7,683913046669E-07 -1,58173470461853E-07
0,831949916527546 4,81670848546474E-07 3,42256066594859E-07
0,837569282136895 -1,84506802595898E-07 8,9413982002971E-07
0,843188647746244 2,14512343742624E-07 -3,64389516449644E-07
0,848808013355593 2,24427828083555E-07 4,22738467782362E-07
0,854427378964942 2,13698935036372E-07 1,44651238049549E-07
0,86004674457429 -3,89588160311679E-07 1,88575675151592E-07
0,865666110183639 -4,07490755085118E-07 3,73042528371806E-07
0,871285475792988 4,9040097814668E-07 4,08219662856711E-07
0,876904841402337 -4,47474956972145E-07 2,44055577189353E-07
0,882524207011686 -2,12088386029855E-07 -1,12105955834911E-07
0,888143572621035 9,59418721297835E-08 -5,59496230751417E-07
0,893762938230384 6,12958536971432E-07 4,31088928304091E-07
0,899382303839733 -4,33906764522459E-07 1,16907228273709E-07
0,905001669449082 3,37749609778472E-07 -8,25334281019564E-07
0,910621035058431 2,61947684506725E-07 -1,79686373410142E-07
0,91624040066778 -5,78677808234656E-07 1,11451321627648E-07
0,921859766277129 -5,29225780916799E-07 3,0118359219443E-07
0,927479131886477 5,33425374039543E-07 -2,18286794308159E-07
0,933098497495826 4,08173106271677E-07 8,90479003534786E-07
0,938717863105175 -1,04424905103863E-07 2,44474710280895E-07
0,944337228714524 -3,71841366778279E-07 3,61923288618714E-07
0,949956594323873 4,17312902464181E-07 -3,64366920297277E-07
0,955575959933222 1,41949292585447E-07 -4,53642686699761E-07
0,961195325542571 -3,04661202081303E-07 -3,24266700972048E-07
0,96681469115192 2,82069909189836E-07 1,11338743233184E-07
0,972434056761269 -5,40155219892622E-08 -1,22422147925313E-08
0,978053422370618 1,43371728587437E-07 -1,94754980628875E-07
0,983672787979966 1,86644568006688E-08 -2,75176198540084E-07
0,989292153589316 -1,34572017143867E-07 3,63871126400434E-07
0,994911519198665 2,96807066986103E-07 3,06638949098207E-07
1,00053088480801 -6,54946733597041E-08 -3,92280007784353E-08
1,00615025041736 -2,13819612471318E-07 4,19813256634124E-07
1,01176961602671 6,64125616164801E-07 4,32582068002318E-07
1,01738898163606 9,69263523579556E-08 -4,76059754921244E-07
1,02300834724541 6,89501217991291E-08 2,8164666767127E-07
1,02862771285476 -1,60271888000988E-07 1,0413373878634E-07
1,03424707846411 -3,64578696569932E-07 5,73832227657799E-08
1,03986644407346 2,84904995579149E-07 -4,06629750045134E-07
1,0454858096828 -3,2221653337351E-08 7,74941664649145E-09
1,05110517529215 9,38530696694463E-08 3,17347446865933E-07
1,0567245409015 -1,30543062534416E-07 -5,71430300485995E-07
1,06234390651085 -9,42352016810841E-08 -1,28390225067243E-07
1,0679632721202 3,73544313909124E-07 -4,58253735452891E-08
1,07358263772955 -3,87309515342356E-08 4,47469508200925E-07
1,0792020033389 2,32425207178522E-07 1,12307615639263E-06
1,08482136894825 7,13539293543417E-07 -4,1269445264471E-07
1,0904407345576 1,5626596269555E-07 1,58530134528893E-07
1,09606010016695 -2,08764255959598E-07 4,09872622999899E-07
1,10167946577629 -3,92915823864898E-07 1,54814650996237E-07
1,10729883138564 -3,24561262971813E-08 6,19327874727844E-08
1,11291819699499 -1,17508716142797E-08 8,33497564061477E-07
1,11853756260434 -5,41978560158552E-07 -4,65954636467966E-07
1,12415692821369 3,56342545541691E-07 -1,30860965765151E-07
1,12977629382304 -3,70717810532295E-08 3,21232702311571E-07
1,13539565943239 -1,22963297056365E-06 -6,64884713209177E-07
1,14101502504174 1,35172872169027E-07 1,19938729730132E-07
1,14663439065109 -3,6565975976564E-07 6,97247899765701E-07
1,15225375626043 -2,30377412008898E-07 8,72459263453398E-07
1,15787312186978 3,42718103472643E-07 -8,49420847766251E-07
1,16349248747913 -8,66649447098497E-09 -3,33736805406223E-07
1,16911185308848 2,02326571591357E-08 -6,36998880766947E-07
1,17473121869783 -3,2478085316341E-07 -1,17257692260852E-07
1,18035058430718 -2,17599198351922E-07 -3,10746374811387E-07
1,18596994991653 2,1556866914451E-07 -3,16043674279155E-07
1,19158931552588 5,81758888173172E-07 -7,70657089678145E-08
1,19720868113523 5,10372085603187E-07 2,65306590694433E-07
1,20282804674457 -7,67461928241594E-07 -1,06101806158392E-07
1,20844741235392 1,21412513420842E-06 4,54527495713868E-07
1,21406677796327 -3,17104240586413E-07 6,77430723247184E-07
1,21968614357262 -5,94371185364974E-07 -1,90515124401963E-07
1,22530550918197 -2,5189368057447E-07 -3,83193490117078E-07
1,23092487479132 2,72383006176714E-07 -3,06197136561631E-07
1,23654424040067 3,41378851110248E-07 1,05732988849856E-06
1,24216360601002 -7,06627408704063E-07 -4,67393527646888E-07
1,24778297161937 5,45763559957307E-08 -2,70335225753885E-07
1,25340233722871 8,75399558751975E-07 2,0394974050701E-07
1,25902170283806 -4,40842430988483E-07 3,6347021727238E-07
1,26464106844741 6,23750080909231E-07 -4,43618699129025E-07
1,27026043405676 -1,06160867295612E-06 2,1949161689589E-07
1,27587979966611 -4,489735479373E-07 -5,42426802492489E-07
1,28149916527546 2,4489764741358E-08 4,69295167101687E-07
1,28711853088481 1,06095102087993E-06 -8,5161161363006E-08
1,29273789649416 -6,98669864847239E-07 -3,80639742207324E-07
1,29835726210351 -2,62255661210513E-07 -4,80191215135877E-08
1,30397662771285 6,94359017969734E-07 4,16462056173011E-07
1,3095959933222 -3,60642384923089E-07 7,46869467199777E-08
1,31521535893155 -5,4583725825643E-08 -2,35354375441637E-07
1,3208347245409 2,67805030025398E-07 1,50665498446773E-07
1,32645409015025 6,12627153531854E-08 1,3285399109053E-07
1,3320734557596 -3,26159778351801E-07 -8,62215729466552E-07
1,33769282136895 -1,18004848020614E-07 -7,56269329633866E-08
1,3433121869783 -1,10989021963146E-07 -2,42528023675995E-07
1,34893155258765 3,43099843329426E-07 5,75705435058407E-07
1,354550918197 4,0244228053143E-07 -2,95117606385478E-07
1,36017028380634 -2,5232649388891E-07 4,36295984102983E-07
1,36578964941569 -3,4667241151801E-07 -5,88870860689E-07
1,37140901502504 1,04037212443827E-07 -3,3438712623294E-07
1,37702838063439 6,32207891245461E-07 -1,4353738460676E-07
1,38264774624374 6,39565262765388E-07 -1,51008127462978E-07
1,38826711185309 -8,27126724432659E-08 3,02260247442295E-07
1,39388647746244 -4,30691337678352E-09 5,04638245665384E-07
1,39950584307179 4,51392862655871E-08 -7,20340296329943E-07
1,40512520868114 2,97490505159496E-07 3,82912957185116E-07
1,41074457429048 2,49452599146058E-07 7,27359940032567E-07
1,41636393989983 4,91039074593341E-07 -1,36424454052287E-07
1,42198330550918 -2,67772569172426E-07 1,3003306714766E-07
1,42760267111853 5,24458025578237E-07 4,3158881039611E-07
1,43322203672788 1,05642648375425E-07 2,57127873633797E-07
1,43884140233723 -4,53257374517382E-07 6,03640772849588E-07
1,44446076794658 -1,13790435978825E-06 -3,99221228139778E-07
1,45008013355593 5,72825806355826E-07 2,38334439045072E-07
1,45569949916528 -2,85034008863484E-07 -5,79528733139158E-08
1,46131886477462 -7,95874799642092E-07 4,87700216293738E-07
1,46693823038397 -1,89108338790216E-08 -2,30912075848573E-07
1,47255759599332 -4,67344256543656E-08 1,55591822192141E-07
1,47817696160267 3,47670868908797E-07 -1,42625207183841E-07
1,48379632721202 3,83165162242411E-07 -3,25518391170108E-07
1,48941569282137 -1,07718146106885E-07 7,69447756130889E-08
1,49503505843072 2,2036772578939E-07 -3,23283791955199E-07
1,50065442404007 -1,28310389737114E-06 -3,15874602211092E-07
1,50627378964942 -1,75631470127761E-07 2,32055555322233E-07
1,51189315525876 8,63794600204835E-07 -8,23413551232168E-08
1,51751252086811 -7,01318452202332E-08 -2,44043481623881E-07
1,52313188647746 -7,41115574371027E-07 7,43588811719167E-07
1,52875125208681 5,26288078741104E-07 1,18568568524913E-07
1,53437061769616 -3,48190137933497E-07 -6,0633441412247E-07
1,53998998330551 1,91708054770658E-07 -6,90674660169931E-07
1,54560934891486 3,39728643887336E-07 -3,32609985758438E-08
1,55122871452421 -3,9413383427341E-08 -5,31324920852108E-07
1,55684808013356 6,04542298644619E-07 3,61996965618645E-07
1,5624674457429 5,61795296531562E-07 2,71534132930002E-08
1,56808681135225 2,66100062627298E-08 4,51532446622473E-07
1,5737061769616 -1,47384009956941E-07 5,04936544031011E-07
1,57932554257095 1,75741836704561E-07 5,00549346332655E-08
1,5849449081803 -1,47332407638839E-07 -2,25318169147057E-07
1,59056427378965 -7,63619662207211E-08 3,47027936644969E-07
1,596183639399 -7,2191888569365E-07 7,79975170436117E-07
1,60180300500835 -5,78326389490767E-08 -5,77047621339001E-07
1,6074223706177 3,22506811501621E-07 -1,54074696887203E-07
1,61304173622705 4,86367503931402E-08 -4,68353321967148E-07
1,61866110183639 -6,84209064918091E-09 5,64542269243995E-07
1,62428046744574 5,88518511447271E-07 -4,00801389803121E-08
1,62989983305509 -3,30521922028679E-07 -4,06823044447744E-07
1,63551919866444 -3,14157192258473E-07 8,80339122535681E-07
1,64113856427379 5,95449439349062E-07 1,10791119214132E-06
1,64675792988314 -3,29777988106835E-07 -2,78144804509091E-07
1,65237729549249 -9,94057611028131E-07 -9,10077306494919E-07
1,65799666110184 -2,39913218353845E-07 -4,289834502049E-08
1,66361602671119 -1,7076010073303E-07 -5,19053167180545E-07
1,66923539232053 -1,69907968533435E-07 5,06403584102264E-07
1,67485475792988 -3,48097503957314E-07 -3,08978994486251E-07
1,68047412353923 3,04305617430327E-07 8,38428404791205E-08
1,68609348914858 6,69378589271601E-07 -3,43251092779429E-07
1,69171285475793 3,33173529383402E-07 -6,17783896088354E-07
1,69733222036728 1,77677611608989E-07 -3,80371174840727E-07
1,70295158597663 -1,47140385318958E-07 1,53834773229536E-07
1,70857095158598 4,82842389688686E-07 8,87943515037067E-07
1,71419031719533 -1,972631013527E-07 -6,19562332167809E-07
1,71980968280467 -6,60372650920486E-08 6,57560732048673E-07
1,72542904841402 -6,3997957255117E-07 3,16012610967976E-07
1,73104841402337 3,85230066482929E-07 2,12769414564817E-07
1,73666777963272 9,50800853375718E-08 1,09628648202078E-07
1,74228714524207 -4,95566958155813E-07 -9,23192825999883E-07
1,74790651085142 1,04765808402699E-07 -2,09638248177766E-07
1,75352587646077 2,53927886155543E-07 1,81648986991871E-07
1,75914524207012 -2,3688581633876E-07 -2,09502768632429E-07
1,76476460767947 8,05719103489896E-07 -5,40165562076531E-07
1,77038397328881 -3,44217570052152E-07 6,90413880607693E-07
1,77600333889816 2,00370263434929E-08 -1,60146081004525E-07
1,78162270450751 1,32641003839947E-07 4,52022657771248E-07
1,78724207011686 1,65815366602738E-07 7,33464710092767E-08
1,79286143572621 -1,47145513852454E-07 -3,53901342730815E-07
1,79848080133556 -1,1332072079852E-07 9,88982001710405E-08
1,80410016694491 -1,14574158219053E-07 7,28651136605374E-07
1,80971953255426 -1,54782021137826E-08 -6,77537124251511E-07
1,81533889816361 6,85794950610641E-07 3,09250307668093E-07
1,82095826377296 -2,04098073423442E-07 -9,8151775214912E-09
1,8265776293823 -3,62598106180592E-07 -5,69884723394126E-08
1,83219699499165 9,65990534013762E-08 1,14503806844012E-07
1,837816360601 1,75777568151126E-07 -1,66825966093276E-07
1,84343572621035 -6,52520245330236E-07 -6,87321200364546E-07
1,8490550918197 -3,07122124910506E-07 5,24718655392203E-07
1,85467445742905 8,59399476334686E-07 -2,2301168842805E-07
1,8602938230384 3,3392804315722E-07 7,07022315640305E-07
1,86591318864775 -3,52781205665051E-07 -4,8967572562109E-07
1,8715325542571 -1,0872601064035E-07 5,63598845123419E-07
1,87715191986644 1,16238946725943E-07 1,84256521081948E-07
1,88277128547579 -1,03049816274249E-07 -2,37374467146458E-07
1,88839065108514 7,12066894379423E-07 1,28196068306577E-07
1,89401001669449 -7,08789282963049E-07 2,80288102041027E-07
1,89962938230384 -9,06705969316789E-07 -3,12485604682385E-07
1,90524874791319 9,497131247769E-07 -2,80268079002342E-09
1,91086811352254 -7,62607543703487E-07 -6,75022560702533E-07
1,91648747913189 -3,05366984676516E-07 -1,04767669704685E-07
1,92210684474124 4,28905807319082E-08 -1,65707102000389E-07
1,92772621035058 5,86745146946119E-07 6,86246181050368E-07
1,93334557595993 3,00111716642247E-08 -3,76946996912003E-07
1,93896494156928 1,45855371919624E-07 -9,13198340690417E-08
1,94458430717863 -1,45134264055387E-07 6,08352516450971E-07
1,95020367278798 1,06658788207033E-08 -1,29228580073841E-07
1,95582303839733 -2,82868239413699E-07 -1,63304698047448E-07
1,96144240400668 1,02310342360362E-07 -2,42625543750015E-07
1,96706176961603 -2,04773308690708E-07 1,84118369411827E-07
1,97268113522538 -4,24031010587705E-07 -3,55989675453628E-07
1,97830050083473 2,14913720789755E-07 -8,89609926360746E-07
1,98391986644407 7,03612241326866E-07 -2,20227941540125E-07
1,98953923205342 3,57075894366954E-07 4,80618961293664E-07
1,99515859766277 -3,16716251256062E-07 -3,9314487572921E-07
2,00077796327212 8,78008996916834E-08 3,28163271600192E-08
2,00639732888147 1,54122484043982E-08 -2,20760472362408E-07
2,01201669449082 2,69556127529077E-07 1,34673586914556E-07
2,01763606010017 2,72660357584591E-07 1,07046500090275E-06
2,02325542570952 -6,13946443177598E-08 2,39459205838217E-07
2,02887479131887 2,99723503881403E-07 -3,10603936743649E-07
2,03449415692821 1,70379979360223E-07 -1,46095700660784E-07
2,04011352253756 1,3096463564736E-07 -1,80726429496081E-07
2,04573288814691 -6,63087552213006E-08 2,58121415270293E-07
2,05135225375626 -3,18705794404923E-07 -5,74773983273494E-07
2,05697161936561 2,75951069759371E-07 -1,6847935338807E-07
2,06259098497496 -4,32912270062456E-07 8,1929712079856E-07
2,06821035058431 9,76044850831532E-09 -6,61563577507272E-07
2,07382971619366 3,68395796581261E-08 6,79343669766526E-08
2,07944908180301 5,83634286865423E-07 3,2061154936974E-07
2,08506844741235 2,96055941130483E-07 4,76303965262803E-07
2,0906878130217 -2,57076406678236E-07 -4,05489232458533E-07
2,09630717863105 1,58639851969445E-07 2,34393802444284E-07
2,1019265442404 2,29368418523452E-07 7,16018783631102E-07
2,10754590984975 2,5411889892684E-07 -1,58947058181967E-07
2,1131652754591 -3,37373495973441E-07 -7,70532763935482E-07
2,11878464106845 8,95344393678428E-08 9,52350521315049E-07
2,1244040066778 -4,52412640184867E-07 -1,19021439391798E-07
2,13002337228715 -1,47873223188916E-07 -1,11492227578179E-08
2,13564273789649 4,22882158103502E-07 -4,18362889534012E-07
2,14126210350584 -3,72006228918622E-08 4,36052566159638E-07
2,14688146911519 -1,67918308311736E-07 -6,60647772006461E-07
2,15250083472454 -1,6243245449639E-07 -1,97560666923829E-07
2,15812020033389 3,82301797324085E-07 5,99079025583593E-07
2,16373956594324 -7,40404406260789E-09 8,50306559574302E-08
2,16935893155259 4,6930863179762E-07 6,44619852075864E-07
2,17497829716194 -1,50241306625675E-08 2,63923093557044E-07
2,18059766277129 -9,88233548391014E-08 -2,11328569385075E-07
2,18621702838063 -3,3204834178869E-07 5,45496834557199E-07
2,19183639398998 6,0837224443881E-08 -5,33798790703225E-07
2,19745575959933 2,77006077999584E-07 -6,08727142751952E-07
2,20307512520868 -6,72970088890367E-08 4,99723977968209E-07
2,20869449081803 -5,92041876606398E-08 6,84569706287234E-09
2,21431385642738 5,26788300223669E-07 2,14988986075102E-07
2,21993322203673 -1,74289584236572E-07 -2,00046212104392E-07
2,22555258764608 -5,99165941488839E-07 2,10446837386067E-07
2,23117195325543 -1,86272265696293E-07 3,11373021355099E-07
2,23679131886477 2,0576511158966E-07 3,65987095836526E-07
2,24241068447412 4,36744766985458E-07 5,45979742584744E-07
2,24803005008347 1,35987643073825E-07 1,94918937136355E-07
2,25364941569282 -4,68715308116877E-07 4,02098552191758E-07
2,25926878130217 1,77503029416756E-07 1,69579050917554E-07
2,26488814691152 -7,27419829849386E-07 -3,79537954034203E-07
2,27050751252087 -4,29298285320488E-07 1,12602063567219E-07
2,27612687813022 -1,43855661997817E-07 -6,46294623239887E-08
2,28174624373957 -6,74673977728244E-07 -1,78653822210221E-07
2,28736560934892 7,00731323580119E-07 -4,13110913024311E-08
2,29298497495826 -5,37093029231722E-07 -2,1931931595348E-07
2,29860434056761 -3,90294254365752E-07 8,24144338551432E-08
2,30422370617696 -2,39909868952317E-07 -4,90899778333334E-07
2,30984307178631 -1,21202501611642E-07 -7,2756067600995E-08
2,31546243739566 -4,76278012338729E-07 -1,40990337696216E-07
2,32108180300501 4,74013078893497E-07 -1,42119534478341E-08
2,32670116861436 3,90074033061258E-07 7,93705851809463E-07
2,33232053422371 4,73598857507756E-08 1,17977240448049E-08
2,33793989983306 1,95015309914546E-07 -7,33534587802547E-07
2,3435592654424 -1,94981902088553E-07 -6,34426414483597E-07
2,34917863105175 -1,14978227571773E-08 -6,92807313472003E-08
2,3547979966611 6,38431382421301E-08 -4,40638915976578E-07
2,36041736227045 1,49361677642527E-09 3,78768369437511E-07
2,3660367278798 -1,49093848379317E-07 1,62276165756057E-09
2,37165609348915 -3,697928817969E-07 4,06799661668851E-07
2,3772754590985 5,43217560028078E-07 2,76572428582607E-07
2,38289482470785 4,89641892644377E-08 -6,38063573709665E-08
2,3885141903172 -1,97097993272451E-07 -1,48044661150644E-07
2,39413355592654 1,75118848880754E-07 9,09482236093167E-09
2,39975292153589 1,98407362839173E-07 2,51189290558053E-08
2,40537228714524 1,54648219057297E-07 -1,36020977576969E-07
2,41099165275459 -2,82200231451604E-07 8,79302469691517E-08
2,41661101836394 -1,34419913491281E-07 4,71982838191812E-07
2,42223038397329 -3,34209142949768E-07 3,68292130464064E-07
2,42784974958264 -3,19411354564439E-07 5,47346137750466E-07
2,43346911519199 -2,42457474606598E-07 -7,64397798406477E-07
2,43908848080134 5,36009434158532E-07 -2,59270132770193E-07
2,44470784641068 -2,05389804907505E-07 -3,31324655136409E-07
2,45032721202003 -1,45928966840274E-07 3,05396237854825E-07
2,45594657762938 -7,50942294079867E-07 -1,12388132118344E-06
2,46156594323873 -4,58253313696792E-07 1,11572002128453E-07
2,46718530884808 5,53900603828237E-07 5,50022176478574E-07
2,47280467445743 -6,66828591660876E-07 4,15244848555674E-07
2,47842404006678 1,93968047598008E-07 -3,07615144085424E-07
2,48404340567613 4,96642676013294E-07 1,34420413607489E-07
2,48966277128548 5,31013357154385E-07 -1,55459481201776E-07
2,49528213689482 -1,41236039535594E-07 -7,98859843004389E-07
2,50090150250417 1,66462556014894E-07 -7,59773880736224E-07
2,50652086811352 -2,51224195042941E-07 2,48037060398426E-07
2,51214023372287 -1,81580788750839E-07 1,88462750233912E-07
2,51775959933222 -1,2478534740378E-07 3,93650205856871E-07
2,52337896494157 -2,43098556470607E-07 -1,26210951431359E-07
2,52899833055092 -7,49602548790285E-08 -2,10097310003712E-07
2,53461769616027 3,66270359871836E-07 -3,47110200694072E-07
2,54023706176962 8,73505715040947E-09 3,36387713737646E-07
2,54585642737896 -1,69604012423134E-08 3,82521722670962E-07
2,55147579298831 -1,48679279169947E-07 -1,52595761553466E-07
2,55709515859766 3,06929035723699E-07 3,32495492159479E-07
2,56271452420701 4,98003432293514E-07 -3,48668566871664E-07
2,56833388981636 -2,18272930265928E-07 -8,6171179880186E-07
2,57395325542571 -2,20912641027318E-07 -2,14627084956529E-08
2,57957262103506 -6,21278826279621E-07 5,72180102793054E-07
2,58519198664441 -3,4471305906477E-08 7,19837843312957E-08
2,59081135225376 3,71437298633934E-07 -2,00723685063565E-07
2,59643071786311 -2,61940058122068E-07 -2,36282052606483E-07
2,60205008347245 3,53656010724812E-07 -7,65291077122971E-08
2,6076694490818 -8,53743288947231E-08 -1,5005869445594E-08
2,61328881469115 1,77053835963942E-07 2,51170906861785E-07
2,6189081803005 -1,97464705865013E-07 -4,6896850283356E-10
2,62452754590985 -3,09542959613606E-07 1,10680142440494E-07
2,6301469115192 -3,14799590015554E-07 1,1831688226047E-07
2,63576627712855 -6,77988246695559E-08 -3,62797023866064E-07
2,6413856427379 2,12328994300521E-07 -3,22202139408416E-07
2,64700500834725 1,58820289456457E-07 -4,68705687528732E-07
2,65262437395659 -9,96740317004979E-08 -4,63196551282974E-08
2,65824373956594 9,37218276510017E-08 -1,53866629167186E-07
2,66386310517529 1,84075120712307E-07 1,48021325870314E-07
2,66948247078464 1,89922526520437E-08 4,62525558765132E-08
2,67510183639399 1,77393818168925E-07 -9,49376054912798E-08
2,68072120200334 -2,97713822151545E-07 -3,67186214936308E-08
2,68634056761269 2,47441614439525E-07 4,96086862331749E-07
2,69195993322204 -5,50360753439795E-07 -2,68358543427272E-07
2,69757929883139 -4,51797971336968E-07 -8,92263952507523E-08
2,70319866444074 1,22929974523326E-07 2,39522824408749E-07
2,70881803005008 2,17942826421622E-07 -6,21656683854197E-07
2,71443739565943 1,49770823960934E-07 -3,83400595536787E-07
2,72005676126878 -3,00555995679193E-07 -3,51268504792987E-08
2,72567612687813 1,28752683944698E-07 -2,96839780906193E-08
2,73129549248748 2,73220508239013E-07 9,74802268658598E-08
2,73691485809683 -4,66125431174364E-07 -7,26217327815845E-07
2,74253422370618 -5,24715101570105E-08 2,37777109932235E-07
2,74815358931553 2,93091428895631E-08 -1,58484750691894E-07
2,75377295492488 2,764026154591E-07 -6,9069627593672E-07
2,75939232053422 7,51726976246363E-08 3,5108104050453E-08
2,76501168614357 2,78176452469722E-07 -2,69708435067192E-07
2,77063105175292 -2,55459907158902E-07 1,69695935211435E-07
2,77625041736227 1,44403166593437E-07 1,12934367969952E-07
2,78186978297162 2,96433051951071E-07 -1,88329730811427E-07
2,78748914858097 -2,01774985455874E-07 -2,52737860737371E-07
2,79310851419032 6,1763997325155E-07 -9,29372636309762E-07
2,79872787979967 7,46856705620763E-08 7,72424394494658E-08
2,80434724540902 5,33076813186144E-07 4,62197873214728E-07
2,80996661101836 -1,3758592532885E-07 -2,77016472010797E-07
2,81558597662771 -1,52169344612736E-07 2,68279923566612E-07
2,82120534223706 5,68512995939995E-07 -1,45158283282426E-07
2,82682470784641 -3,30238096859349E-07 5,97282767831199E-08
2,83244407345576 2,00182171002702E-07 -3,67509894742151E-07
2,83806343906511 4,89294546219877E-07 -5,37427779672653E-08
2,84368280467446 -6,67786253603925E-08 -5,42788448308613E-08
2,84930217028381 2,15656796215479E-07 9,15127769567251E-08
2,85492153589316 6,81827512671785E-07 7,15420237754139E-08
2,8605409015025 3,33167235953604E-07 6,17771304953326E-08
2,86616026711185 -4,47218290173064E-07 -1,59834813261272E-07
2,8717796327212 2,50093310644029E-07 3,09913732927223E-07
2,87739899833055 2,37540041137479E-08 7,82312715335702E-07
2,8830183639399 -1,56958619052464E-07 -5,31616476138352E-07
2,88863772954925 3,86137522505244E-08 1,91456345284993E-07
2,8942570951586 -3,37868959699004E-08 5,07335207636444E-07
2,89987646076795 2,81373096902171E-08 -4,08124811543602E-07
2,9054958263773 4,75479955351353E-08 9,86158046453265E-08
2,91111519198664 1,05430648676971E-07 -6,43979259970678E-07
2,91673455759599 -2,29225344774129E-07 -3,35761795735216E-07
2,92235392320534 2,07794019307945E-07 6,87909883336898E-08
2,92797328881469 3,26864186969341E-07 -1,98598323396122E-09
2,93359265442404 9,88951984878315E-08 2,85247593781449E-07
2,93921202003339 3,86350685613136E-07 -2,66285157840365E-07
2,94483138564274 1,35948349233245E-07 4,28214135938725E-07
2,95045075125209 3,25073486976453E-07 -1,33993206106726E-07
2,95607011686144 2,49010481206491E-07 2,20231803493289E-07
2,96168948247078 8,93163204478226E-08 2,35544507391319E-07
2,96730884808013 -6,230720489598E-08 6,47148924053348E-07
2,97292821368948 -1,91783065436854E-07 -1,0059556535376E-07
2,97854757929883 2,25343268653967E-07 3,23343732424655E-07
2,98416694490818 1,06889825912291E-07 9,86027515766887E-08
2,98978631051753 -3,49344087707917E-07 -1,99608641233886E-07
2,99540567612688 -6,43642530946599E-07 1,79369205727111E-08
3,00102504173623 -3,08563901491565E-07 -3,27555744146553E-07
3,00664440734558 5,34982410564875E-08 5,55525633484566E-07
3,01226377295493 -4,46805210564524E-08 2,23715325479182E-07
3,01788313856427 4,13688723915161E-07 -6,54136335273564E-07
3,02350250417362 2,71545623262959E-08 -3,82901526656277E-07
3,02912186978297 6,97593000113912E-08 4,92245934910869E-08
3,03474123539232 9,21457461089988E-08 -2,15303744180471E-07
3,04036060100167 2,8322541726202E-07 -6,90167696808649E-08
3,04597996661102 1,28500827191082E-07 1,97714389252606E-07
3,05159933222037 -7,46108704702883E-08 1,44946046511244E-07
3,05721869782972 -2,15865955660735E-07 5,48787940735063E-07
3,06283806343907 1,36127542085507E-07 -1,67412913666875E-07
3,06845742904841 6,16390507788834E-07 -1,09266792973737E-07
3,07407679465776 -5,7678915107202E-07 -5,7756507176485E-08
3,07969616026711 -2,00070253064279E-07 6,47507880761927E-07
3,08531552587646 2,35866931084677E-08 9,98660650025251E-08
3,09093489148581 -3,70422651777618E-08 -1,02043913368259E-06
3,09655425709516 4,35503425311259E-07 -7,53922411585273E-08
3,10217362270451 -7,21207249511376E-07 5,16371742402376E-07
3,10779298831386 1,73935395570094E-07 -3,39685316312802E-07
3,11341235392321 4,43925139736557E-08 -5,523921774377E-07
3,11903171953255 1,30943955466661E-07 1,96141833907181E-07
3,1246510851419 5,91821982202381E-07 1,1375779014818E-07
3,13027045075125 -1,2206920084864E-07 -2,32146022316211E-07
3,1358898163606 1,90233411586288E-07 4,50065089277408E-07
3,14150918196995 5,79799595067216E-08 4,92363379866318E-07
3,1471285475793 7,09052113227225E-07 -9,45959727448849E-07
3,15274791318865 9,879607033679E-08 5,71380552304041E-07
3,158367278798 -4,68022663604827E-07 6,16441699756594E-07
3,16398664440735 4,93985711636309E-07 -5,21541911113095E-07
3,1696060100167 -7,09089631571683E-07 1,56428285595422E-07
3,17522537562604 -1,23902455497818E-07 2,0238148895474E-07
3,18084474123539 -5,54117283081687E-07 -1,06166567162672E-07
3,18646410684474 -2,35765920602705E-07 1,88721834371699E-07
3,19208347245409 8,35250360491792E-07 -1,13072143209502E-07
3,19770283806344 -1,60078890931067E-07 2,00504011229455E-07
3,20332220367279 9,45338906665471E-08 -1,88817093083766E-07
3,20894156928214 1,94413165686052E-07 -2,27180315468434E-07
3,21456093489149 4,32445306148471E-07 -2,89117482266842E-07
3,22018030050083 -7,59543311562598E-07 -9,99729220736792E-08
3,22579966611018 1,53406231760323E-07 7,13221882052384E-08
3,23141903171953 4,2910866087301E-07 3,19716373463007E-07
3,23703839732888 -3,5101099770006E-07 -2,0171990401421E-07
3,24265776293823 -1,29222695653688E-07 -9,73255992865133E-08
3,24827712854758 -1,18868997987095E-07 -6,35183376993164E-07
3,25389649415693 1,45602806307706E-07 3,82632088779563E-08
3,25951585976628 8,2581816412904E-07 3,12978388922331E-07
3,26513522537563 1,62569225080667E-07 3,44666526163177E-07
3,27075459098498 1,92545426045634E-07 -1,88176724883063E-07
3,27637395659432 3,75540222080604E-07 -3,00786790588505E-07
3,28199332220367 7,39268179474616E-08 7,55681775747612E-07
3,28761268781302 2,84058229670033E-07 9,03822193441521E-08
3,29323205342237 -2,52708294671987E-08 2,04975875709804E-08
3,29885141903172 -6,68124477241138E-07 -4,67105333926739E-09
3,30447078464107 -2,01829928597345E-07 5,6112060853176E-07
3,31009015025042 -2,6824386222694E-07 -2,7465228157571E-07
3,31570951585977 4,53330776944117E-07 -7,9345201210016E-08
3,32132888146912 8,67358716902259E-08 -1,02758988702236E-07
3,32694824707846 4,87099545428275E-07 -5,25011532745554E-07
3,33256761268781 4,42614243535815E-08 1,06554504751307E-06
3,33818697829716 6,74235661437096E-08 8,58860655459261E-08
3,34380634390651 -1,7498667587041E-07 1,35781165657018E-08
3,34942570951586 7,00415848679573E-09 2,82206172052286E-07
3,35504507512521 -2,77257956958742E-07 -5,01805050408869E-08
3,36066444073456 -2,11085079628363E-07 3,81828949735297E-07
3,36628380634391 -2,94325426100539E-08 -1,93290377348839E-07
3,37190317195326 -1,62344204962425E-07 -3,40433813425608E-07
3,3775225375626 2,27911072230788E-07 1,25515041649151E-07
3,38314190317195 3,31588133206569E-09 -3,97102599366372E-08
3,3887612687813 6,44733457677974E-09 1,42646819742899E-07
3,39438063439065 -1,78747535344271E-07 -7,45441042581398E-08
3,4 3,55819168945572E-08 1,66229418106952E-07
