w Re(f(w)) Im(f(w))
0,034 -6,55208452703784E-06 -2,91141744601842E-05
0,0396193656093489 3,50734187674237E-05 -3,76930910169871E-05
0,0452387312186978 4,00179718379524E-05 -2,58569329284168E-05
0,0508580968280467 5,84597089576874E-05 -3,60447757531829E-05
0,0564774624373957 4,53641897567751E-05 -2,05395532526444E-05
0,0620968280467446 4,81167291930031E-05 -1,01157670023879E-05
0,0677161936560935 2,26358127721187E-05 -1,7288174940263E-06
0,0733355592654424 2,53287796918528E-05 -1,18797619694335E-05
0,0789549248747913 -4,79887184475492E-06 -1,53355260454172E-05
0,0845742904841402 -1,84317771284053E-05 -2,63708858164138E-06
0,0901936560934891 -5,6848355907315E-05 -8,44938812082711E-06
0,0958130217028381 -3,14851340186886E-05 -5,26153580517838E-05
0,101432387312187 -4,68969377071707E-05 -6,65884772441535E-05
0,107051752921536 -9,28866254827291E-05 -4,69109804629761E-05
0,112671118530885 -8,2021929289069E-05 -0,00013717780632343
0,118290484140234 -0,000104604902117754 -0,000126871161844015
0,123909849749583 -0,000132456971627653 -9,40957426506417E-05
0,129529215358932 -0,000115131560936053 -0,000263376071335862
0,13514858096828 -3,11583349088703E-05 -0,000215930672669546
0,140767946577629 -9,28046036739017E-05 -0,00029603538357471
0,146387312186978 -6,32906163539151E-05 -0,000397133070159754
0,152006677796327 6,5078138062971E-05 -0,000439352902063438
0,157626043405676 9,07349499174811E-05 -0,000381597894726911
0,163245409015025 7,32887547446145E-05 -0,000530022089031623
0,168864774624374 0,000187040572050738 -0,000516713314677599
0,174484140233723 0,000348816620493791 -0,000471814820172772
0,180103505843072 0,000266908099236612 -0,000493816451482443
0,185722871452421 0,000462329839554824 -0,000663727798417488
0,19134223706177 0,00057614176674052 -0,000532119192835243
0,196961602671119 0,000648726704655666 -0,000367410876168665
0,202580968280467 0,000700110797478689 -0,000380160525411109
0,208200333889816 0,000804128996252024 -0,000362890268171856
0,213819699499165 0,00101783971297051 -0,0003746532557455
0,219439065108514 0,000994086700070686 -3,75431606562134E-05
0,225058430717863 0,000964551676091772 -8,17875444124325E-06
0,230677796327212 0,00101719390608789 4,37044672282025E-05
0,236297161936561 0,00129466779602266 5,92658215519582E-05
0,24191652754591 0,00119135530502546 0,000521717707312793
0,247535893155259 0,000834026457428539 0,000519959480687553
0,253155258764608 0,00108509919467199 0,000501822434911903
0,258774624373957 0,00109259035620697 0,000690730808804943
0,264393989983306 0,00101162719526016 0,00102833849006763
0,270013355592654 0,000683502473683683 0,00113289609648595
0,275632721202003 0,000677787979667739 0,00105217114274072
0,281252086811352 0,000809684362786954 0,00114671368070329
0,286871452420701 0,000534741261875515 0,00128704431984106
0,29249081803005 0,000237238136484632 0,00158233384988612
0,298110183639399 8,74095285593741E-05 0,00146877229726705
0,303729549248748 -0,000159843637252354 0,00118544131703691
0,309348914858097 9,14250768062636E-05 0,00139237615056893
0,314968280467446 -0,000318643167964729 0,00164623149082085
0,320587646076795 -0,000754248916653156 0,00129540693597429
0,326207011686144 -0,000700223490239018 0,00107929060158945
0,331826377295492 -0,00066531359455708 0,00101803517807517
0,337445742904841 -0,000615120360476627 0,00122593956219382
0,34306510851419 -0,001272481256821 0,00121951728008006
0,348684474123539 -0,00116835191327333 0,000603564744108183
0,354303839732888 -0,00115005417403938 0,000432920421657754
0,359923205342237 -0,00103451991078083 0,000638222001626997
0,365542570951586 -0,00127968532764722 0,000386183706775032
0,371161936560935 -0,00137802233374556 0,000248110711845878
0,376781302170284 -0,00128763464237129 3,69928685371504E-05
0,382400667779633 -0,00117661787120809 -0,000157254148324829
0,388020033388982 -0,000731874524793354 -0,000342019613926613
0,393639398998331 -0,000874568600884281 -0,000388105687242995
0,39925876460768 -0,000940102599285763 -0,000496147464964121
0,404878130217028 -0,00114681607383094 -0,000458905999467616
0,410497495826377 -0,000722944959741076 -0,000415290271144567
0,416116861435726 -0,000655791343218836 -0,000514561675328159
0,421736227045075 -0,000253741016462644 -0,000468593487502559
0,427355592654424 -0,000734530748387844 -0,000813129941494613
0,432974958263773 -0,000159673531005644 -0,000790999466459511
0,438594323873122 -0,000298363848405104 -0,000518119220137143
0,444213689482471 -0,000120918796416315 -0,000901757986136687
0,44983305509182 -6,00852874206502E-05 -0,000498316297602529
0,455452420701169 -3,2416709223254E-05 -0,00050226930738198
0,461071786310518 2,55547467704217E-05 -0,000526748498149119
0,466691151919866 0,000129447676485203 -0,000493003635758749
0,472310517529215 0,00018145098578294 -0,00040226968901752
0,477929883138564 0,000199953063129578 -0,000353942545509106
0,483549248747913 0,000187316130506264 -0,000280913408379819
0,489168614357262 0,000205170266063685 -0,000215745196103824
0,494787979966611 0,000201371590063651 -0,000184336404796007
0,50040734557596 0,000201285587279523 -0,000134286114169169
0,506026711185309 0,000181196356906121 -7,16026782665123E-05
0,511646076794658 0,000174546192777751 -7,32593747461019E-05
0,517265442404007 9,76047918063341E-05 -2,72643805899073E-05
0,522884808013356 0,000135772097278657 -1,49321163807249E-05
0,528504173622705 9,07709319347304E-05 1,97923740393964E-05
0,534123539232053 6,50744392087663E-05 8,6779817096789E-06
0,539742904841402 -2,22057903439191E-05 7,68240932782644E-06
0,545362270450751 -4,46473091108466E-06 3,50769810124497E-08
0,5509816360601 -8,72760420805422E-06 -2,17923762408659E-05
0,556601001669449 6,77376897885696E-06 3,46789861232078E-05
0,562220367278798 -3,86240045642968E-05 -5,4354903776499E-05
0,567839732888147 -1,84226464841885E-05 -2,61469436507132E-05
0,573459098497496 -4,32532951624072E-05 -4,53533486569027E-05
0,579078464106845 -4,18783650044166E-05 -3,59045013338658E-05
0,584697829716194 -2,63908311497689E-05 -5,62234666672736E-05
0,590317195325543 -3,56095695386824E-05 -6,94678040407358E-05
0,595936560934892 -3,4940453395727E-05 -9,3569243004865E-05
0,60155592654424 -2,70445944511405E-05 -8,52129145204986E-05
0,607175292153589 4,01885614710503E-05 -0,000121801840672658
0,612794657762938 1,24132127694241E-05 -9,31518263290998E-05
0,618414023372287 3,17095207369265E-05 -8,58564293574515E-05
0,624033388981636 1,73080124983621E-05 -7,58384245205896E-05
0,629652754590985 3,90720134428914E-05 -7,7075722204092E-05
0,635272120200334 3,93108312434961E-05 -5,3023573934856E-05
0,640891485809683 3,96584699650537E-05 -4,26581178625847E-05
0,646510851419032 6,95531646851143E-05 -2,97574133118035E-05
0,652130217028381 4,52690595809614E-05 -4,02962819318414E-05
0,65774958263773 7,23837407777298E-05 -1,73725008633455E-05
0,663368948247079 5,52293066851253E-05 -1,73979181973501E-05
0,668988313856427 5,46346973754937E-05 -2,6430753791851E-05
0,674607679465776 4,51371101910112E-05 -2,42663357077653E-06
0,680227045075125 4,70464663247865E-06 2,62112915036047E-06
0,685846410684474 1,99398784152187E-05 2,61214481419218E-08
0,691465776293823 2,39247911233339E-05 -6,47949664136119E-07
0,697085141903172 2,57693943089986E-05 -1,40828813816178E-05
0,702704507512521 -2,25840854739272E-07 6,38724473068957E-05
0,70832387312187 -2,29953950428931E-05 2,96536102732398E-06
0,713943238731219 2,77401779801388E-05 -2,03955101463037E-05
0,719562604340568 -3,72047937239246E-05 9,40807500901324E-06
0,725181969949917 8,01402519148089E-06 3,12286284745501E-05
0,730801335559266 6,64851934116449E-06 -4,22849514723218E-05
0,736420701168614 -5,50800377248701E-05 -1,63539814889617E-05
0,742040066777963 2,88414789907962E-05 -1,58053217855859E-05
0,747659432387312 -4,47075297146709E-06 -2,59156416909024E-05
0,753278797996661 2,9459600355481E-05 -6,60785723114391E-05
0,75889816360601 -6,98237429103655E-05 -5,61106014538346E-05
0,764517529215359 -1,07226608967957E-05 -1,25634434072372E-05
0,770136894824708 2,85272266841258E-05 -3,08187390213461E-05
0,775756260434057 -4,47354771059085E-06 3,24942203087162E-06
0,781375626043406 3,38097991314479E-05 -3,58636507289483E-05
0,786994991652755 7,54253459741168E-05 7,74149512444071E-06
0,792614357262104 1,75798959973603E-05 -6,16101037154104E-05
0,798233722871452 2,90621794258066E-05 1,44124827969254E-05
0,803853088480801 2,89755823253973E-05 -4,57265893774076E-05
0,80947245409015 2,49458909394561E-07 -3,98314553220233E-06
0,815091819699499 2,0507692486852E-05 -5,59210742978724E-06
0,820711185308848 4,31778650879911E-05 -4,09318248206629E-07
0,826330550918197 -8,34832474792365E-06 -3,46245763004568E-05
0,831949916527546 3,89334736956471E-05 6,55378396968147E-05
0,837569282136895 -7,04973463162138E-06 2,40325667286559E-06
0,843188647746244 3,35902238006662E-05 1,15411011275884E-05
0,848808013355593 6,48430822709276E-05 7,53596077353319E-07
0,854427378964942 -8,7836544675771E-06 2,23144019749884E-05
0,86004674457429 -3,41360901546441E-05 2,37581965351066E-05
0,865666110183639 -3,44228133006229E-05 8,07349326185058E-06
0,871285475792988 2,66570578956123E-05 -2,20674219317819E-05
0,876904841402337 -1,85500342179635E-05 2,07325029954376E-05
0,882524207011686 4,62855054421702E-05 -1,51625156111197E-05
0,888143572621035 -3,60659111804786E-05 2,0447763997487E-05
0,893762938230384 6,7946204179443E-05 -3,17230266752049E-05
0,899382303839733 -9,44506363000754E-05 5,64271567248554E-05
0,905001669449082 -3,71989263436987E-05 -7,61710913952826E-06
0,910621035058431 -9,01858695429472E-06 -1,689882686153E-05
0,91624040066778 3,5292681328446E-05 -1,21122234651537E-05
0,921859766277129 -1,20563978531845E-05 -1,6093308565181E-05
0,927479131886477 -2,7064806012333E-06 -2,78225243495179E-05
0,933098497495826 1,23766545853779E-05 -7,08433966273442E-07
0,938717863105175 -3,04171874591455E-06 -2,70781249492008E-05
0,944337228714524 -1,2767354616902E-05 -6,87712963623218E-06
0,949956594323873 1,64000020606776E-05 -9,85074704706034E-06
0,955575959933222 6,24106551466978E-06 -2,09538052431846E-05
0,961195325542571 1,29566110359602E-06 6,5270015941265E-06
0,96681469115192 1,37026009527476E-05 -1,11144971818207E-05
0,972434056761269 1,23025875625608E-05 3,47312013418037E-06
0,978053422370618 1,67409184736763E-05 -3,96433915471007E-06
0,983672787979966 1,56026530196728E-05 2,33185818004411E-06
0,989292153589316 7,54268256078334E-06 -2,3178369865037E-06
0,994911519198665 1,44360161011454E-06 7,31964614694584E-06
1,00053088480801 5,03268357649072E-06 -3,22158541190123E-06
1,00615025041736 -3,84264056211219E-07 -5,00433911566531E-06
1,01176961602671 -7,89195662258034E-06 -1,25909768029985E-06
1,01738898163606 -5,76897414364685E-06 3,54178795612602E-06
1,02300834724541 -1,48063860183007E-05 2,55978229466344E-05
1,02862771285476 4,05714848392495E-06 1,69493601663205E-06
1,03424707846411 5,4069077686337E-06 -1,89528546238332E-07
1,03986644407346 5,62245565582326E-06 -6,24462691238248E-06
1,0454858096828 4,24263100989742E-06 -1,01054102490251E-05
1,05110517529215 -2,0440176147778E-05 -2,28697755176205E-05
1,0567245409015 1,23560710144569E-05 -7,47254411957506E-06
1,06234390651085 -1,50755159894921E-05 -2,39437132359386E-06
1,0679632721202 -1,10581219748987E-05 -9,06404398650568E-06
1,07358263772955 -9,78723842845061E-06 -1,89779520697971E-05
1,0792020033389 1,94039076266577E-05 3,16870466679272E-06
1,08482136894825 6,83291212728053E-06 -7,74317861049169E-06
1,0904407345576 1,6280744323788E-05 -9,82534254123746E-06
1,09606010016695 3,29777086080542E-06 -2,38821697163434E-06
1,10167946577629 -4,82141691177747E-07 3,06893940749309E-07
1,10729883138564 1,75585378724465E-05 -1,41977354062359E-05
1,11291819699499 -4,4068569474324E-06 -2,44321526625737E-06
1,11853756260434 2,23601129053462E-05 3,28462621139489E-06
1,12415692821369 5,83635063184018E-06 -1,38296233768526E-05
1,12977629382304 5,67308631701017E-06 2,32014211851067E-06
1,13539565943239 6,49151887231728E-06 -4,33046667584987E-06
1,14101502504174 8,62081310887841E-06 4,8737401698874E-06
1,14663439065109 -5,93706936245914E-07 4,23997780408426E-06
1,15225375626043 5,21534560432977E-06 1,02985830231341E-05
1,15787312186978 5,14943627209424E-06 8,85177276384691E-06
1,16349248747913 -5,78993932216212E-06 -6,66855459426936E-06
1,16911185308848 -5,41213742051291E-06 1,74426555546068E-06
1,17473121869783 1,32544859317778E-05 1,64266279713083E-06
1,18035058430718 1,62620758702303E-05 7,93936039865659E-06
1,18596994991653 -1,09045668050937E-06 8,43086198597442E-06
1,19158931552588 9,30697627307065E-06 4,04540427985976E-08
1,19720868113523 -2,39531186545421E-05 3,4256906550952E-06
1,20282804674457 4,5008139188745E-07 -5,10065567921896E-06
1,20844741235392 -1,1567916032476E-05 -1,47918792695442E-05
1,21406677796327 4,72898001907277E-06 2,08861207178304E-05
1,21968614357262 4,68708660784082E-06 -3,02282870486628E-06
1,22530550918197 -9,46666075813613E-06 -2,77126282153926E-05
1,23092487479132 -1,40711623882746E-05 1,48988751320155E-07
1,23654424040067 1,06681837253472E-05 1,2991996924752E-05
1,24216360601002 1,19091182862829E-05 1,43876557681314E-05
1,24778297161937 -2,89203870217108E-06 -1,23064781890197E-05
1,25340233722871 2,04891809516946E-06 -1,33989912608346E-05
1,25902170283806 9,51932366511053E-06 1,33828248301694E-05
1,26464106844741 -1,1789042610502E-05 5,20347070136309E-06
1,27026043405676 -1,05670004184953E-05 -3,0151410971817E-05
1,27587979966611 2,96821628394598E-06 -2,68480259144682E-05
1,28149916527546 7,47933748221732E-06 2,64590017019889E-06
1,28711853088481 7,44194256217875E-06 1,80178075279537E-05
1,29273789649416 1,39287283869691E-05 -2,28753767489564E-05
1,29835726210351 7,61469903913004E-06 5,29271799509892E-06
1,30397662771285 -4,54337642351792E-06 -5,34677800715918E-07
1,3095959933222 1,32174009148121E-05 1,30729151073954E-05
1,31521535893155 1,72099317184743E-05 2,11128112645075E-05
1,3208347245409 -5,10506163740894E-06 2,48517893181412E-06
1,32645409015025 4,98350199418299E-06 -7,56872427155596E-06
1,3320734557596 -1,71750695939707E-05 -7,88936822862203E-06
1,33769282136895 2,22642911766938E-06 3,18097720902718E-06
1,3433121869783 2,54528036441824E-06 1,59501584082079E-06
1,34893155258765 2,68574191715004E-07 1,51575139649724E-06
1,354550918197 -1,66867234326595E-06 -3,23741759710999E-06
1,36017028380634 1,26130000159028E-06 5,21559821412239E-06
1,36578964941569 -3,10171767894997E-06 -9,42221089160019E-06
1,37140901502504 4,73309524756948E-06 4,85165515718908E-06
1,37702838063439 6,06796063179253E-06 -6,18713011818574E-07
1,38264774624374 -2,63684304366801E-06 -3,5243356524069E-06
1,38826711185309 5,97916777174148E-06 -4,68320898250031E-06
1,39388647746244 -2,26572385994071E-06 8,97597717409173E-06
1,39950584307179 5,50745410703591E-06 4,45056064339079E-06
1,40512520868114 5,79435986300123E-06 -3,68831988316387E-06
1,41074457429048 -3,90703315540492E-06 8,52049326273317E-06
1,41636393989983 -9,90084350872421E-07 -4,28513848886818E-06
1,42198330550918 -6,23292449434921E-06 2,60124956885407E-06
1,42760267111853 -2,00928753535915E-06 8,02303886912953E-06
1,43322203672788 4,74224332975997E-06 -7,27908585874113E-06
1,43884140233723 4,28753493008046E-06 -9,34722293459151E-06
1,44446076794658 -4,59664520061585E-06 -5,31479127462806E-07
1,45008013355593 -2,49054101650642E-06 1,88092486863216E-06
1,45569949916528 3,08546914810685E-06 -1,09597694073967E-05
1,46131886477462 -4,43638788156871E-06 8,73354033912555E-06
1,46693823038397 1,85186787250516E-06 -4,90894093779308E-07
1,47255759599332 -2,11537225620146E-06 1,18877466684618E-05
1,47817696160267 -3,6101666372486E-06 -3,68045284702152E-06
1,48379632721202 -1,16928224082047E-05 -1,66781364672941E-05
1,48941569282137 3,5687701437255E-05 -1,00970705542637E-05
1,49503505843072 5,71520815839102E-06 8,87005766826884E-06
1,50065442404007 -5,71314138897339E-06 -9,79140239385855E-06
1,50627378964942 1,5364910568553E-05 4,45198304148874E-06
1,51189315525876 -3,14507857206003E-06 2,49181378305255E-06
1,51751252086811 -3,78210863747416E-06 -4,36996387776568E-06
1,52313188647746 2,23707258877744E-06 1,41129779192399E-05
1,52875125208681 -4,64400509267447E-06 -1,13174598263321E-06
1,53437061769616 8,761245900847E-06 9,25724476699708E-06
1,53998998330551 2,65569722013087E-06 8,26226357305121E-06
1,54560934891486 -9,6537020670668E-06 -3,71241495228028E-06
1,55122871452421 -8,46435235622648E-06 2,6839561105152E-05
1,55684808013356 1,07071985400029E-05 -1,64442883078255E-05
1,5624674457429 3,6506043008178E-06 -1,32085591242037E-05
1,56808681135225 -1,41992378194828E-05 3,3348797077561E-06
1,5737061769616 -9,8463788388442E-06 -1,3749648180988E-06
1,57932554257095 7,26467185027464E-06 -1,58939426336599E-05
1,5849449081803 -1,00746537830568E-06 -8,44742257426574E-06
1,59056427378965 1,73797433959541E-06 1,049123060961E-06
1,596183639399 8,14842682739424E-06 1,585585166843E-05
1,60180300500835 -1,54853568918498E-05 2,03536209419749E-06
1,6074223706177 1,22881150086572E-05 -1,27141876028701E-05
1,61304173622705 8,5453633743296E-06 -6,64408170572868E-06
1,61866110183639 6,87838692300825E-06 -5,66014093264518E-06
1,62428046744574 8,98809352532438E-06 1,06023682359982E-05
1,62989983305509 -1,99218696860177E-07 -1,97354266067359E-06
1,63551919866444 -3,1484596675231E-07 3,83349346412669E-06
1,64113856427379 1,73587867805999E-06 -2,20532942205147E-06
1,64675792988314 2,42772442888513E-06 7,34771318119655E-06
1,65237729549249 4,23353084273549E-06 -3,3580723943242E-06
1,65799666110184 7,17392094091519E-06 9,27414449301445E-06
1,66361602671119 2,72182350789304E-06 -2,21390619062744E-06
1,66923539232053 4,73620911639716E-07 5,36403443972989E-06
1,67485475792988 -1,10504567433711E-05 4,07093805339037E-06
1,68047412353923 1,45382957006548E-06 3,44034693273541E-07
1,68609348914858 -5,77912226308816E-06 8,6852056755135E-06
1,69171285475793 -4,3405580111254E-06 2,20873030268877E-06
1,69733222036728 1,96475241990169E-06 -4,74554977907953E-06
1,70295158597663 1,34079491201473E-05 -2,16166447446545E-06
1,70857095158598 -3,92657530405419E-06 -6,38801863745952E-06
1,71419031719533 4,16338272401508E-07 4,62994279042103E-06
1,71980968280467 1,2839058069968E-06 2,88579538469929E-06
1,72542904841402 -5,68432724994668E-06 -9,92210258436782E-06
1,73104841402337 8,52816037332333E-06 2,23832382600239E-06
1,73666777963272 -5,46548032173543E-06 7,48687433167579E-06
1,74228714524207 8,67409953356328E-06 -2,8350843376933E-06
1,74790651085142 6,32435981079584E-07 6,18828509584283E-06
1,75352587646077 1,14144793481809E-05 8,54997964662112E-06
1,75914524207012 -1,3678092768314E-05 4,32151402662245E-06
1,76476460767947 1,92544753901351E-06 -8,49952903890533E-06
1,77038397328881 8,85363811177232E-06 1,87354893828267E-06
1,77600333889816 3,61600134206419E-06 1,01942426512384E-05
1,78162270450751 -2,07895306227506E-05 6,84497517820323E-06
1,78724207011686 2,74948648343952E-06 7,41386162276961E-07
1,79286143572621 -2,04776102816332E-06 9,4069679360792E-06
1,79848080133556 6,05392438180105E-06 -1,79975239281569E-05
1,80410016694491 -7,26049669409886E-06 5,17478841643575E-06
1,80971953255426 -2,0700711520132E-06 3,26987283890292E-06
1,81533889816361 3,1016322620737E-06 9,67131138711699E-06
1,82095826377296 -2,43431102304001E-06 3,16107923219804E-06
1,8265776293823 -9,86739191293397E-06 4,06414727352988E-06
1,83219699499165 8,31148839849784E-07 -1,75046979600893E-05
1,837816360601 -2,24446814834788E-05 -8,88264910573814E-07
1,84343572621035 -2,53768419954523E-06 -3,65847806570037E-07
1,8490550918197 6,34516963020099E-06 -5,98407003901958E-07
1,85467445742905 7,81552935593353E-06 -3,8709018191557E-06
1,8602938230384 2,04246222281273E-06 -6,57406716950206E-06
1,86591318864775 1,3110170373246E-05 -1,46186880655783E-06
1,8715325542571 -6,20579986758957E-06 -3,18409335766054E-06
1,87715191986644 -1,22307976611341E-06 7,74168445671143E-06
1,88277128547579 -6,0044635647808E-06 -1,114159647423E-05
1,88839065108514 1,91751000221866E-06 2,45957887170991E-06
1,89401001669449 -1,5717626473857E-05 1,51964241550003E-05
1,89962938230384 -1,66317312431569E-07 -1,18243155649688E-05
1,90524874791319 1,53819793211804E-05 -1,28234932787665E-05
1,91086811352254 1,3163883825766E-05 -7,10448807427451E-06
1,91648747913189 1,28658997969157E-05 7,98660243782855E-07
1,92210684474124 2,12360457842495E-06 1,6262099713018E-05
1,92772621035058 6,02202317001702E-06 7,15520133503662E-06
1,93334557595993 -2,28516264127505E-05 -4,45963269943483E-06
1,93896494156928 -4,50096854279689E-06 -4,84890151682361E-06
1,94458430717863 -3,02219222663278E-06 3,23279681523218E-06
1,95020367278798 2,17536940502755E-05 6,06561949729117E-06
1,95582303839733 -1,65734395101456E-05 5,84500114181033E-07
1,96144240400668 8,38412503441459E-06 9,24747519818851E-07
1,96706176961603 -1,93819736958436E-07 -1,47302959731912E-05
1,97268113522538 1,63043538440063E-05 2,4756363094801E-05
1,97830050083473 2,57107426620645E-06 7,21711917755617E-06
1,98391986644407 -3,97997939490056E-06 -2,16585213815108E-05
1,98953923205342 -1,45875944267078E-05 4,69172105117898E-06
1,99515859766277 -9,92563516180533E-06 1,67160497913099E-05
2,00077796327212 -1,11625526435684E-05 -1,12963633749668E-05
2,00639732888147 5,80289671786288E-06 -3,73136664282564E-06
2,01201669449082 1,75641994891171E-05 7,91027538568584E-06
2,01763606010017 1,85574105063027E-05 -4,79660584196381E-06
2,02325542570952 -2,84827181973299E-05 -2,23189190059038E-06
2,02887479131887 3,93966436586974E-06 -2,9294545235409E-06
2,03449415692821 -6,37764344654334E-06 1,38537606835142E-05
2,04011352253756 -1,10615831810705E-05 2,38112434099083E-06
2,04573288814691 5,36378061064477E-06 -2,44089240540633E-05
2,05135225375626 1,29410051823126E-05 5,54759071341389E-06
2,05697161936561 2,38376440822919E-05 -4,13238592146668E-06
2,06259098497496 -4,78148128084659E-06 1,04414823046002E-05
2,06821035058431 -1,59028090921106E-06 1,31266273479445E-05
2,07382971619366 7,97637399048018E-06 -8,22229420289786E-06
2,07944908180301 -2,03530754303426E-05 -7,90109354444727E-06
2,08506844741235 -1,22407920030428E-05 9,60156782665491E-06
2,0906878130217 -4,8024126717961E-06 4,36900722924315E-06
2,09630717863105 3,98340278732106E-06 3,53954096067972E-06
2,1019265442404 9,57678933540558E-06 1,24330588018743E-05
2,10754590984975 3,21790383809825E-06 -1,40810315351801E-05
2,1131652754591 1,89341266160327E-05 -3,27660802756058E-06
2,11878464106845 -1,75733466670746E-05 6,62963794191868E-06
2,1244040066778 7,00279025289397E-07 1,76526462897051E-05
2,13002337228715 -9,24623501602921E-07 -2,10328485854308E-05
2,13564273789649 6,69750123096704E-06 -1,1616666768251E-05
2,14126210350584 -1,77402246909423E-05 4,63245391446631E-06
2,14688146911519 -1,57695848157611E-06 7,40786390461247E-06
2,15250083472454 3,9037830341702E-06 1,77028265501368E-05
2,15812020033389 -1,53068903515237E-05 3,10154190425174E-06
2,16373956594324 1,39674976192266E-05 -1,07863696909424E-06
2,16935893155259 4,51499652625462E-06 -5,11747721428144E-06
2,17497829716194 2,10735969945612E-06 -2,62153683404528E-06
2,18059766277129 -1,17615111673807E-05 9,64584109935609E-07
2,18621702838063 -2,83638270264479E-06 -7,00836374595632E-07
2,19183639398998 2,29626934469707E-07 2,84809763883079E-06
2,19745575959933 1,57042654363077E-06 -6,01314475225416E-06
2,20307512520868 -4,47868345016946E-06 -2,87145984074297E-07
2,20869449081803 -2,97389104641711E-06 5,5810204809094E-06
2,21431385642738 -3,31388915229777E-06 -8,49974217899879E-07
2,21993322203673 1,71420867234146E-06 -4,45453426716903E-06
2,22555258764608 1,62235125021513E-07 4,11565487298015E-06
2,23117195325543 4,94881548889303E-06 3,11305022672281E-06
2,23679131886477 -5,41479700627299E-06 1,90144328676272E-06
2,24241068447412 -3,2163254454096E-06 9,48834304789433E-07
2,24803005008347 -9,72110297575705E-06 -4,05299089596168E-06
2,25364941569282 -6,44129943054731E-06 3,80224353142289E-06
2,25926878130217 3,26523331461157E-06 -1,22901070187918E-06
2,26488814691152 2,86100333952189E-07 -4,36442596064806E-06
2,27050751252087 -3,26651770258758E-06 -5,36811627103734E-06
2,27612687813022 -1,47571599522357E-06 -4,95638507921688E-07
2,28174624373957 4,21212499549446E-07 8,45266633166084E-07
2,28736560934892 3,02804885418572E-06 -5,7795569862111E-06
2,29298497495826 -1,57437437367112E-06 4,76645969924091E-07
2,29860434056761 -5,56597431736067E-06 -8,77458747137581E-07
2,30422370617696 -3,05352903789321E-06 -7,2984528061316E-06
2,30984307178631 -4,3106699099009E-06 3,83428707863676E-06
2,31546243739566 -1,83528659414011E-06 6,36533347918072E-07
2,32108180300501 -2,54152462794055E-07 -2,27655508473788E-06
2,32670116861436 2,11323894250438E-06 4,10490242464883E-06
2,33232053422371 -5,08638255411778E-06 -6,97064641442897E-06
2,33793989983306 -1,0485999450987E-06 -4,66231654054178E-07
2,3435592654424 1,66513968163668E-07 -8,3138821856267E-06
2,34917863105175 1,16829552016464E-06 -7,17837512044085E-06
2,3547979966611 5,63555923812458E-06 -3,11467490219538E-06
2,36041736227045 5,25091855520411E-06 -9,91785493437711E-06
2,3660367278798 -3,14120180232651E-06 1,27931806900925E-06
2,37165609348915 -1,06268441698001E-06 1,47418131548186E-06
2,3772754590985 1,70261983096863E-06 2,93297602615043E-06
2,38289482470785 5,98187280893887E-07 -5,69049983184702E-06
2,3885141903172 1,03242755360454E-07 -2,98685671412264E-07
2,39413355592654 -3,34139086191475E-06 5,50844565750113E-06
2,39975292153589 3,3896563755242E-06 2,07898818193569E-06
2,40537228714524 -1,60885259565966E-06 -6,21227109718948E-07
2,41099165275459 7,36547842182949E-06 2,39568728369146E-06
2,41661101836394 7,87889633145964E-06 -3,43294256533522E-06
2,42223038397329 -1,93065066974526E-06 -5,55156895942591E-06
2,42784974958264 -2,59040401610072E-06 6,84266718030464E-07
2,43346911519199 -4,91429057646994E-06 -8,71949401709157E-06
2,43908848080134 -5,85189478556127E-07 -4,03832836883024E-06
2,44470784641068 -4,53921062175767E-06 9,17457069491321E-06
2,45032721202003 2,35487787209663E-07 7,6570488406548E-06
2,45594657762938 -3,91635613081342E-06 -2,64583110765807E-06
2,46156594323873 -2,25106164182308E-05 5,07592644210259E-06
2,46718530884808 3,78998550194798E-06 -1,21476618777155E-05
2,47280467445743 1,41143117215761E-05 -5,35429209838632E-06
2,47842404006678 3,20777559382421E-06 -1,19665160451055E-05
2,48404340567613 1,80452829161308E-06 6,0580993951908E-07
2,48966277128548 -1,92940871925505E-06 -1,14388134345874E-05
2,49528213689482 -1,570780889396E-06 3,72979965150339E-06
2,50090150250417 4,58677010717825E-06 -1,25495783800388E-05
2,50652086811352 2,15073701207443E-06 4,54171108157429E-06
2,51214023372287 2,96118662085617E-06 -1,69746554275348E-05
2,51775959933222 -7,29896661978188E-06 -8,35360000126915E-07
2,52337896494157 -2,28013757238449E-06 3,47464284976292E-06
2,52899833055092 2,21363297423214E-05 -4,92459631153287E-06
2,53461769616027 4,77459066458381E-06 9,01592663563412E-06
2,54023706176962 -4,51192151659997E-06 -8,47488119432794E-06
2,54585642737896 7,50547743013809E-06 -1,14449022257704E-06
2,55147579298831 1,74631415117707E-05 1,13706031452458E-05
2,55709515859766 -3,21842952958272E-06 -3,53625315452881E-06
2,56271452420701 5,05021976568972E-06 -3,35014691616923E-06
2,56833388981636 -7,62931097756125E-06 -2,05779938857314E-06
2,57395325542571 1,7880140175709E-06 -1,02249775032351E-05
2,57957262103506 4,79042093533344E-07 3,7786230339306E-06
2,58519198664441 -5,47487047292459E-06 5,86319650876367E-06
2,59081135225376 4,01872620868772E-06 7,54643964650046E-07
2,59643071786311 1,06566115136478E-05 7,76825291464831E-06
2,60205008347245 4,31018658990652E-07 1,58796596514159E-06
2,6076694490818 7,3319244406006E-06 -1,25622855980548E-05
2,61328881469115 -5,53712783313496E-08 -9,93297931460567E-06
2,6189081803005 -6,62324461245298E-06 1,4325375353967E-05
2,62452754590985 -3,20958708279763E-06 8,53019968060664E-07
2,6301469115192 1,56650463943286E-06 1,38334247440554E-06
2,63576627712855 1,8666230214257E-05 -1,43885377784963E-05
2,6413856427379 9,28506566231521E-06 -6,14420429228968E-06
2,64700500834725 -3,23011949928616E-06 -2,06315817185062E-06
2,65262437395659 6,68367027122279E-07 6,35295276334936E-06
2,65824373956594 4,62861415958716E-06 1,39274994211361E-05
2,66386310517529 -5,06818725836957E-06 7,971099955806E-06
2,66948247078464 7,77338523946556E-06 -9,49594462668873E-06
2,67510183639399 6,42960735560111E-07 4,35063933400942E-06
2,68072120200334 4,66790695315175E-06 -9,75947547188472E-06
2,68634056761269 -7,44864912342232E-07 1,57634566546994E-05
2,69195993322204 -7,20293189876322E-07 8,90553665122839E-06
2,69757929883139 1,66175904556721E-06 -9,44804569427349E-06
2,70319866444074 5,26101414294821E-07 2,64468283088646E-07
2,70881803005008 4,35026602708821E-06 -1,03698234214308E-05
2,71443739565943 -3,39215747998334E-06 3,06389481197286E-06
2,72005676126878 1,69561469266002E-06 -5,08875447165093E-06
2,72567612687813 8,07757891809259E-06 1,5852048552198E-05
2,73129549248748 -4,26657222609856E-06 1,07277196277434E-05
2,73691485809683 3,18575317222828E-06 -7,89924386505055E-06
2,74253422370618 -1,20500256348318E-06 -1,52889462594241E-06
2,74815358931553 -1,16184307797974E-06 6,82871127842767E-07
2,75377295492488 -4,74905765537446E-07 2,25092770721716E-06
2,75939232053422 4,20514245585974E-06 -2,1952499977334E-06
2,76501168614357 -8,44922861799664E-07 4,18994009174377E-07
2,77063105175292 3,16574296025467E-06 3,41856912189496E-06
2,77625041736227 4,26045744230556E-08 -2,66976884422218E-06
2,78186978297162 -1,73052624451067E-06 -9,36257401508396E-07
2,78748914858097 4,37135835914117E-06 -1,32333904991961E-07
2,79310851419032 1,90804476079612E-06 -1,18652985443248E-06
2,79872787979967 8,33537184035987E-07 7,79342835210643E-06
2,80434724540902 -5,00723810298321E-07 1,06159512710748E-06
2,80996661101836 4,27729977537149E-06 8,11962319272389E-07
2,81558597662771 -2,9993150068084E-06 2,29333472796429E-07
2,82120534223706 3,17848835271577E-06 4,71539006111001E-06
2,82682470784641 -1,81708352191124E-06 -2,81950184083527E-06
2,83244407345576 -2,02276362893863E-06 -1,6705155729384E-06
2,83806343906511 1,01416924371427E-06 3,35228732549411E-06
2,84368280467446 -4,37440502127831E-06 1,19012238514276E-06
2,84930217028381 3,62214292772059E-06 4,54264219651004E-07
2,85492153589316 -3,11521124791254E-06 -5,37042388464173E-06
2,8605409015025 4,53652611079033E-06 -1,0764011463872E-06
2,86616026711185 1,82201746961652E-06 -1,79769111882401E-06
2,8717796327212 -1,94758992084556E-07 3,23467791525868E-06
2,87739899833055 3,36600769783216E-06 -1,07389320493667E-06
2,8830183639399 2,56440651533139E-06 5,62378873804382E-06
2,88863772954925 -1,62574325908795E-06 -2,27856993506715E-06
2,8942570951586 1,18020832067748E-06 -9,07442520603875E-06
2,89987646076795 7,46234905166601E-06 1,48718105750009E-06
2,9054958263773 -2,15380438514403E-06 4,28773194459285E-06
2,91111519198664 5,3586513172406E-06 1,2198505409799E-06
2,91673455759599 -7,41265067515207E-06 1,11291550615553E-05
2,92235392320534 5,57648537751053E-06 3,2943025558928E-06
2,92797328881469 -4,07149679380521E-06 -4,67095765118835E-08
2,93359265442404 3,67051495104255E-07 4,16968081365406E-07
2,93921202003339 3,79813024669279E-06 -1,03438443820024E-05
2,94483138564274 -5,05393497773489E-06 5,20546980590793E-07
2,95045075125209 6,64290519294466E-06 4,25543365563532E-07
2,95607011686144 -3,60371491604026E-06 4,85043639179664E-06
2,96168948247078 -7,11637081373105E-07 -8,06725042614339E-06
2,96730884808013 -6,33675968220785E-06 4,32497153715641E-06
2,97292821368948 8,02618092438266E-06 -4,41971071676297E-06
2,97854757929883 -5,72290358457564E-06 -1,89912957480662E-06
2,98416694490818 5,36304302056905E-06 8,06329489559365E-06
2,98978631051753 1,16389878208444E-05 -2,85662066490583E-06
2,99540567612688 -2,20587438855787E-06 -9,01022356722679E-06
3,00102504173623 7,27630338823239E-06 4,80715685385458E-06
3,00664440734558 4,40641578604084E-06 -2,26981071416609E-06
3,01226377295493 3,62365861460111E-07 1,07430238797452E-05
3,01788313856427 5,97409241799481E-06 -3,10666290326708E-06
3,02350250417362 -3,90322886648526E-06 -5,49037187511692E-06
3,02912186978297 -2,88512186766156E-07 8,37276157343226E-06
3,03474123539232 -4,09702465344739E-06 6,27704080750074E-06
3,04036060100167 1,41027050474392E-06 8,80389316574874E-06
3,04597996661102 -1,65153783865715E-06 -1,20452753885675E-05
3,05159933222037 1,16459595948528E-05 1,48459442123362E-06
3,05721869782972 3,21736835587242E-06 2,77761324065502E-07
3,06283806343907 2,15271041896395E-08 1,57869331038053E-05
3,06845742904841 1,03746613967947E-05 -4,46211878225206E-06
3,07407679465776 -1,13428722389442E-05 -1,0960793033666E-06
3,07969616026711 3,34997349348101E-06 2,26103140674904E-06
3,08531552587646 -4,87755490207601E-06 1,02717828119295E-05
3,09093489148581 -1,3770088013855E-05 -4,70379486961599E-06
3,09655425709516 1,1077097489447E-06 8,4605934426554E-06
3,10217362270451 1,49484450678858E-05 -4,71871706160474E-06
3,10779298831386 -2,95921149753351E-06 1,50859680686409E-05
3,11341235392321 -9,34186124975083E-06 -2,82693415518872E-05
3,11903171953255 -4,5057992503176E-06 1,47314532371393E-06
3,1246510851419 3,63370277508584E-06 -1,97915213259837E-06
3,13027045075125 1,33325382695562E-05 8,98543715293485E-06
3,1358898163606 8,46253837259195E-06 1,48016635765045E-05
3,14150918196995 -4,37603023724263E-06 -1,35276483007389E-05
3,1471285475793 1,04321600016822E-05 7,75751227641138E-06
3,15274791318865 -1,48456854443834E-05 -4,87545156555881E-06
3,158367278798 -3,2086547023099E-06 1,155129325347E-05
3,16398664440735 5,27968963169471E-06 9,79758903441772E-06
3,1696060100167 -8,55017813651668E-06 1,00219593137021E-06
3,17522537562604 9,31902619225519E-06 -7,59284745034887E-06
3,18084474123539 -9,80571295954997E-06 7,28687043375284E-06
3,18646410684474 1,55047172763048E-05 -2,27282468737599E-07
3,19208347245409 -2,07309960517596E-05 -8,52287890578733E-06
3,19770283806344 -1,32320324788011E-05 4,18280794383108E-06
3,20332220367279 4,50590320008907E-06 1,58597392631856E-06
3,20894156928214 2,66507596185894E-05 1,63223740600488E-06
3,21456093489149 -1,98790258851176E-05 -2,51065931217692E-06
3,22018030050083 6,72818544216571E-06 -5,59748570980935E-06
3,22579966611018 -8,68825868528342E-06 -1,12340664132405E-05
3,23141903171953 9,37939043071787E-06 1,02667215538466E-05
3,23703839732888 3,17398097370638E-06 1,27307265398021E-05
3,24265776293823 -1,39324450349818E-05 4,40489979411752E-06
3,24827712854758 1,15185192383031E-05 4,1287432135748E-06
3,25389649415693 -5,20319691997634E-06 -7,18357495778221E-06
3,25951585976628 -1,39689397546651E-06 -8,46267631123196E-06
3,26513522537563 -3,39013296708635E-06 -1,21316927410389E-05
3,27075459098498 8,83107908092087E-06 -4,36640587122033E-07
3,27637395659432 -3,73162224946952E-06 6,84080435725283E-06
3,28199332220367 5,51426798255889E-06 8,8240155582302E-07
3,28761268781302 -1,16147276678519E-05 1,64036829122872E-05
3,29323205342237 4,12402649834847E-06 2,57147564058819E-06
3,29885141903172 7,37356496561104E-06 -5,94925776911376E-06
3,30447078464107 -9,67701253907887E-06 -8,41430619290663E-07
3,31009015025042 1,03124477155554E-06 -7,29309708152025E-07
3,31570951585977 -2,94749746132269E-06 -7,58031084745408E-06
3,32132888146912 4,20411072361043E-06 4,84311422539727E-07
3,32694824707846 -8,55868995389619E-06 -7,77245043583813E-06
3,33256761268781 2,04577641495921E-05 6,00014807978588E-06
3,33818697829716 -7,64300132657079E-06 4,72282024998899E-06
3,34380634390651 7,67547319003979E-06 -7,3250687182906E-06
3,34942570951586 3,35308693436477E-06 -4,84885531888445E-06
3,35504507512521 -6,57890506360434E-06 7,24680976400475E-06
3,36066444073456 -8,7155250617613E-06 1,05277927009599E-05
3,36628380634391 -3,1543013374777E-06 2,37758377886284E-06
3,37190317195326 1,25665007856899E-05 7,40949679469041E-06
3,3775225375626 -3,88299758456583E-07 6,70830970919799E-06
3,38314190317195 -5,49989901880163E-06 -6,92545098323247E-06
3,3887612687813 8,30170036124396E-06 2,11862617615271E-07
3,39438063439065 -2,2319198327681E-05 -8,90490533837781E-06
3,4 1,73376024759877E-06 -2,38815265154256E-06
