f ReF ImF
0,000861230060959871 5,79000172585148E-06 -2,22804493587418E-05
0,00100333302101825 -1,35138026486105E-06 4,03532868314249E-05
0,00114543598107663 -1,71442785945013E-05 1,79995718525429E-05
0,00128753894113501 7,95229046396718E-07 -2,22679982424643E-05
0,00142964190119339 8,7574675252011E-06 -2,04469848485038E-06
0,00157174486125176 2,71320777310703E-05 1,11335226753309E-05
0,00171384782131014 1,05352775820106E-05 -7,56244168753888E-06
0,00185595078136852 2,86030144338915E-05 -2,08575257576034E-05
0,0019980537414269 -2,90645326707292E-05 -2,99601147338068E-06
0,00214015670148528 -3,18297495096983E-05 4,37606299210658E-06
0,00228225966154366 -4,77499277841948E-06 1,59380700876408E-05
0,00242436262160204 -6,03123513240682E-06 2,57850403922521E-05
0,00256646558166042 4,97478158323964E-05 2,00126445166399E-05
0,0027085685417188 1,41417237560634E-05 6,48137127084909E-05
0,00285067150177717 -4,51794932927004E-05 -2,02212035399384E-05
0,00299277446183555 -3,0342140638057E-05 -5,12428080777212E-05
0,00313487742189393 3,37658531183613E-06 -4,91152073190364E-05
0,00327698038195231 0,000132957631193771 -7,11914495433812E-05
0,00341908334201069 1,61462884258755E-05 0,000108100992990947
0,00356118630206907 -0,000109131188970568 0,000116971198130367
0,00370328926212745 1,39518984806488E-05 5,45521722516256E-05
0,00384539222218582 -0,000212478461397051 -0,000121042794406041
0,0039874951822442 5,96653745916335E-05 -0,000236968320900678
0,00412959814230258 0,00018039642985889 0,000177026575325719
0,00427170110236096 7,74780835906983E-05 -1,00017813049739E-05
0,00441380406241934 8,07324009604207E-05 0,000136276793390918
0,00455590702247772 -0,000177631650656915 0,000305948596359925
0,0046980099825361 -0,000324444201814794 -0,000297012350944872
0,00484011294259448 -2,18147954094735E-05 -0,000132328029446708
0,00498221590265286 0,000112994743712629 -0,000175239340318245
0,00512431886271123 0,000126656994954753 -0,000185086512123802
0,00526642182276961 0,000344469087489943 0,000120749590978632
0,00540852478282799 2,93753154648019E-05 0,000447427197326057
0,00555062774288637 -0,000204342862962574 6,10365130237301E-05
0,00569273070294475 -0,000367397634286838 -6,0039149493425E-05
0,00583483366300313 -5,71946002513413E-06 -0,000104141692261197
0,00597693662306151 -0,000160955427937881 -0,000483397321702555
0,00611903958311989 0,000332837933372666 -0,000209991638229575
0,00626114254317826 0,000686606125443155 0,000208324309258803
0,00640324550323664 -3,60923519841755E-05 0,000243285785529391
0,00654534846329502 -2,37818412596504E-05 0,00032096883615811
0,0066874514233534 9,41073110677372E-05 0,000361613535626215
0,00682955438341178 -0,000663184228406235 7,88644566020054E-05
0,00697165734347016 -0,00044843687077908 -0,000200554075149951
0,00711376030352854 0,000271467866859303 -0,000493448806962234
0,00725586326358691 0,000128026379535174 -7,50386301348254E-05
0,00739796622364529 0,000252837544298349 6,37688472231025E-05
0,00754006918370367 0,000143152274817943 0,000178852574016603
0,00768217214376205 6,44580132064875E-05 0,000364579366660827
0,00782427510382043 -0,000624348030350131 0,000296297605092024
0,00796637806387881 -0,000308523027020443 -0,000354311239018781
0,00810848102393719 -6,00523876861099E-05 -0,000373723718431254
0,00825058398399557 7,7003270524467E-05 -0,000348185115635187
0,00839268694405394 0,000187931381768477 -0,000155362495305188
0,00853478990411232 0,000351450090080258 -0,000269588962402673
0,0086768928641707 0,000429400232365889 0,000275533741656284
0,00881899582422908 0,000147359673428706 0,000297163008146029
0,00896109878428746 -0,000175647664509791 0,000280217876910908
0,00910320174434584 1,58190294215085E-05 0,000144282322052938
0,00924530470440422 -0,000147187601512567 5,66157749854989E-05
0,0093874076644626 -0,000188550190526099 0,000114721479170821
0,00952951062452097 -0,00031449198165273 -0,000231988092252073
0,00967161358457935 0,000190987346505715 -0,000321846244008018
0,00981371654463773 0,000381086832669428 0,000108566607984754
0,00995581950469611 -8,70522952724841E-05 0,000244458101744473
0,0100979224647545 6,66913374756876E-05 0,000101714765960252
0,0102400254248129 -0,000208941609158453 0,000197480027375443
0,0103821283848712 -0,000116176772925029 0,000113880366387839
0,0105242313449296 -0,000403798037336856 -5,87799609634929E-06
0,010666334304988 -0,000182995294450312 -0,000317315066722458
0,0108084372650464 2,94869191716384E-05 -0,000382588683831459
0,0109505402251048 0,000248527081500332 -0,000157998002686702
0,0110926431851631 0,000122582034126124 1,42881513990668E-05
0,0112347461452215 0,000151062652797992 8,36929390403237E-06
0,0113768491052799 0,000107042880348579 9,21293144552613E-05
0,0115189520653383 3,03874013412812E-05 0,000175235029618657
0,0116610550253967 -0,000151930237486817 8,11083336752925E-05
0,011803157985455 -6,3102007854733E-05 -0,000110507407306471
0,0119452609455134 9,2887524023977E-06 -6,86593929877607E-05
0,0120873639055718 7,38163989649206E-05 -6,27061408141077E-05
0,0122294668656302 7,3234371612401E-05 6,51361931329846E-06
0,0123715698256885 3,47821405298079E-05 4,86275283463638E-05
0,0125136727857469 3,07450541790453E-05 6,82901426828638E-05
0,0126557757458053 -1,57270926984292E-05 6,69579400266152E-05
0,0127978787058637 -3,66150623284004E-05 5,48076031907767E-05
0,0129399816659221 -6,56051528830206E-05 8,2167480310678E-06
0,0130820846259804 -3,28911626202522E-05 -6,34212404260984E-06
0,0132241875860388 -2,15469498671415E-05 -2,47750715760906E-05
0,0133662905460972 -1,18185221695135E-05 -2,66378488739793E-05
0,0135083935061556 -9,68630958327878E-06 -3,17955435825988E-05
0,013650496466214 -2,16988949934115E-05 -2,44759749281995E-05
0,0137925994262723 8,8751467791315E-06 -4,27222168796106E-06
0,0139347023863307 1,52921070615199E-05 -2,59596408277631E-05
0,0140768053463891 2,43432867973637E-05 -3,51166815434431E-07
0,0142189083064475 5,62336062568446E-06 1,52677456617102E-05
0,0143610112665059 -1,53611858244029E-05 -2,38800770565924E-05
0,0145031142265642 -1,32777646623647E-05 -2,42748985021789E-07
0,0146452171866226 4,73865885805123E-06 -1,39598941034486E-06
0,014787320146681 5,0115044681855E-06 -2,02309270094848E-05
0,0149294231067394 2,57097974910363E-05 -1,25051760758805E-05
0,0150715260667977 1,36306863127678E-05 3,77646510558021E-06
0,0152136290268561 -1,26176511030088E-06 -1,09115987609291E-05
0,0153557319869145 -1,32100520205368E-06 -2,23048516130656E-05
0,0154978349469729 1,45750405433419E-05 -2,83204691960673E-06
0,0156399379070313 1,81523238951193E-05 -1,61467590234182E-05
0,0157820408670896 3,77147077659737E-05 1,93846673828909E-05
0,015924143827148 3,84871400772601E-05 7,02710644560402E-07
0,0160662467872064 6,50762715193388E-06 -4,41287989407888E-07
0,0162083497472648 2,86680993819641E-06 2,07187696502402E-05
0,0163504527073232 -1,02406844648254E-05 3,27542852506675E-05
0,0164925556673815 2,87763389438806E-05 4,13669500566358E-05
0,0166346586274399 -6,42649594136033E-06 2,37149604444416E-05
0,0167767615874983 -1,29560979426879E-05 1,43228465770138E-05
0,0169188645475567 -3,20047167491883E-06 -1,54379288924654E-06
0,017060967507615 -1,50499048656983E-05 8,59972726802291E-06
0,0172030704676734 -3,2128339864543E-05 7,72362724475426E-06
0,0173451734277318 -1,43240923008833E-05 -3,04223731664427E-05
0,0174872763877902 -1,09868955199741E-05 -4,02174017407505E-06
0,0176293793478486 3,86473538389823E-06 -6,70677718631264E-07
0,0177714823079069 -3,15783228876438E-06 1,6265358996395E-05
0,0179135852679653 1,3713774822869E-05 1,33765732337799E-05
0,0180556882280237 -4,50415175100021E-07 -3,21969863775569E-05
0,0181977911880821 -1,16450437267581E-05 -2,59749825383472E-06
0,0183398941481405 -3,31091465658353E-06 1,51962720332795E-05
0,0184819971081988 -9,02926875647013E-06 -1,01861568192763E-05
0,0186241000682572 3,71119246615579E-06 1,03627891318204E-05
0,0187662030283156 -3,97419671904488E-06 -1,60679554454558E-05
0,018908305988374 -1,31778878331512E-05 -9,56389404726884E-06
0,0190504089484324 -1,45499498758004E-07 -2,80892462141274E-06
0,0191925119084907 1,53135382526516E-05 -5,19657297288919E-06
0,0193346148685491 1,34555171300773E-05 -2,50833100638038E-05
0,0194767178286075 8,07002419602879E-06 -2,34799250292142E-05
0,0196188207886659 1,21416665160069E-05 1,57840646682636E-05
0,0197609237487242 -5,57625731133368E-07 1,33518838401719E-05
0,0199030267087826 1,5653439558502E-05 4,446136785141E-06
0,020045129668841 2,33311120372251E-05 8,87465677766705E-06
0,0201872326288994 8,99556138237469E-06 -1,29201708715606E-06
0,0203293355889578 4,31382229148251E-06 1,90529335214529E-05
0,0204714385490161 -1,90866709523313E-05 2,48005491940288E-05
0,0206135415090745 1,10633708317027E-05 9,68294034069908E-06
0,0207556444691329 7,18109310516206E-06 1,73450457076036E-05
0,0208977474291913 -2,14370490385244E-05 6,51278143340485E-06
0,0210398503892497 6,18242976379335E-06 -1,09211798519784E-06
0,021181953349308 -1,74373481009522E-05 1,17425866392037E-05
0,0213240563093664 -2,80848958561375E-05 -1,46447394433606E-05
0,0214661592694248 -1,22652257298934E-06 -1,62935053143895E-06
0,0216082622294832 -7,33843058576214E-06 1,02585393273456E-05
0,0217503651895415 -6,32874795801664E-06 -4,61502087843749E-06
0,0218924681495999 -6,02207250398078E-06 1,23336108480425E-05
0,0220345711096583 -5,47239152131692E-06 -2,53658279520485E-05
0,0221766740697167 5,72385011023976E-06 4,59695304364004E-06
0,0223187770297751 1,15857411642524E-05 -7,1031548808952E-06
0,0224608799898334 1,19527061982687E-05 4,47583212897961E-06
0,0226029829498918 -2,67301132672977E-05 -1,49167320482301E-06
0,0227450859099502 1,21567613808438E-05 1,6948871946366E-05
0,0228871888700086 -6,62053358420523E-06 -9,10399031792954E-06
0,023029291830067 -1,1358257065096E-05 5,79674751808385E-06
0,0231713947901253 -3,28102500803496E-05 -2,84536347186591E-05
0,0233134977501837 1,84312393078865E-05 1,10134222080218E-05
0,0234556007102421 -9,43328693970987E-06 -2,53357148922944E-05
0,0235977036703005 4,58699611486746E-06 6,37710019447913E-06
0,0237398066303588 1,91854135892315E-07 1,76380461250674E-06
0,0238819095904172 2,25438833450752E-05 1,59991260719823E-07
0,0240240125504756 2,81736233082904E-05 -6,90025069916421E-07
0,024166115510534 -7,75083429274858E-06 -8,03872764541974E-06
0,0243082184705924 -5,87949275432444E-06 3,79938077807634E-06
0,0244503214306507 -2,24155924303421E-05 3,08095591183887E-07
0,0245924243907091 3,81944640978281E-06 2,19979446033723E-06
0,0247345273507675 3,42146706121912E-06 6,61554446209481E-06
0,0248766303108259 9,50364685432424E-07 2,17513487881859E-05
0,0250187332708843 1,59206942622479E-05 3,35089458565061E-06
0,0251608362309426 1,10916009983856E-05 -1,19861879712633E-05
0,025302939191001 -1,3020779635263E-05 -5,91926806852978E-06
0,0254450421510594 -2,36831190112118E-05 -5,58643638472152E-06
0,0255871451111178 -1,19986919542322E-05 1,74498102633804E-05
0,0257292480711761 -2,93511790326118E-05 -5,22039062839483E-06
0,0258713510312345 3,17947818277414E-05 -1,43065773285277E-06
0,0260134539912929 7,37451928561562E-06 2,18517596964459E-05
0,0261555569513513 -3,85860614855639E-06 -7,82702324267895E-06
0,0262976599114097 -9,93192800129181E-06 -1,9846613921239E-05
0,026439762871468 -5,95268549125499E-06 2,10064279366262E-06
0,0265818658315264 -2,49541227292485E-06 -3,19606083573269E-06
0,0267239687915848 -1,89357271977367E-05 -2,7828498266763E-06
0,0268660717516432 -3,70463621415015E-06 -1,34512816288169E-05
0,0270081747117016 -1,1837501758624E-05 -1,22123112813188E-05
0,0271502776717599 2,11224503390108E-05 -9,60933467735564E-07
0,0272923806318183 -7,75101239533095E-06 6,65396071365258E-07
0,0274344835918767 8,38651150969175E-06 -1,71892868685373E-05
0,0275765865519351 4,86050234137242E-06 -1,45803462188979E-05
0,0277186895119935 -2,65086592689431E-05 1,36976447299212E-05
0,0278607924720518 1,41020716161342E-05 -2,47975844225228E-05
0,0280028954321102 2,89642886502374E-05 1,54715884619599E-05
0,0281449983921686 2,40637624918577E-05 -2,41687754718053E-05
0,028287101352227 1,20095826191296E-05 -2,23664540998401E-06
0,0284292043122853 -8,87516347769481E-06 8,09025841487523E-06
0,0285713072723437 5,87307581188212E-06 -2,24409321055642E-06
0,0287134102324021 7,69264271711163E-06 1,94790030600815E-05
0,0288555131924605 -6,68850208383653E-06 6,91685915673716E-06
0,0289976161525189 -1,53099517012737E-05 -2,598740448452E-06
0,0291397191125772 6,78066892976519E-06 1,81515445040384E-05
0,0292818220726356 -5,00252048526651E-06 -9,47311763428535E-06
0,029423925032694 1,23025848056775E-05 -6,15805951178853E-06
0,0295660279927524 1,59721602548637E-06 2,26411046401665E-05
0,0297081309528108 -1,63339452363122E-05 -1,28108590648683E-05
0,0298502339128691 1,05309186790615E-05 -2,46508389325995E-05
0,0299923368729275 2,18685579106452E-05 -5,1131705569042E-06
0,0301344398329859 -4,26803044394832E-06 6,01131840415112E-06
0,0302765427930443 -1,53598845656603E-06 1,12310366912381E-05
0,0304186457531026 -1,08577245850711E-05 1,51520970813589E-05
0,030560748713161 1,50697447695403E-05 5,14406160409326E-07
0,0307028516732194 -1,35476249192633E-05 2,21018527955764E-05
0,0308449546332778 -3,43545373704893E-07 -2,56460634133052E-05
0,0309870575933362 -2,12908081020305E-05 -6,87737526875646E-06
0,0311291605533945 -1,28114622516889E-05 -9,00964607758913E-07
0,0312712635134529 1,76841511038304E-05 1,38608356578411E-06
0,0314133664735113 2,06923060496687E-05 -6,84941946597236E-06
0,0315554694335697 8,12704234367776E-06 -2,16786746298839E-06
0,0316975723936281 -1,94002062636783E-05 -3,83117576715044E-06
0,0318396753536864 1,34114170808349E-05 -1,58026335095537E-05
0,0319817783137448 9,90223781248403E-06 -6,45549758924736E-06
0,0321238812738032 -1,6559148183367E-05 -2,59079252059821E-06
0,0322659842338616 2,69588707544738E-05 1,84944402388116E-05
0,03240808719392 1,54309405375712E-05 -3,3869875278949E-06
0,0325501901539783 9,05633309372164E-06 5,69303320120887E-06
0,0326922931140367 -8,98676426226285E-06 1,04765488544776E-05
0,0328343960740951 -4,62918211124962E-06 1,05544283609942E-05
0,0329764990341535 1,46488194874339E-05 1,05830776332886E-05
0,0331186019942118 -6,52220045609536E-06 2,08948659264275E-05
0,0332607049542702 1,03013958840898E-05 -2,55016966694813E-05
0,0334028079143286 -9,09127121583538E-06 1,64677420851923E-05
0,033544910874387 -1,57134558144526E-05 -3,21115897538625E-06
0,0336870138344454 -2,35885471714854E-05 7,04287781490343E-06
0,0338291167945037 2,12765910925969E-06 -7,40899957503816E-06
0,0339712197545621 1,71547218171112E-05 4,23670292142435E-06
0,0341133227146205 1,46467532878656E-05 -2,07607226753158E-05
0,0342554256746789 4,9115266284432E-06 1,58584716804577E-05
0,0343975286347373 -1,23898188234838E-05 9,72090294463113E-07
0,0345396315947956 4,90274779264772E-06 2,01773101502484E-05
0,034681734554854 8,62254290096381E-08 -2,63647152771137E-05
0,0348238375149124 -2,21540510719491E-05 9,92009725084683E-06
0,0349659404749708 2,28128442990069E-06 1,96213314042288E-06
0,0351080434350291 6,95488234050287E-07 2,42385570902943E-05
0,0352501463950875 5,56870602406948E-06 -1,06153141038968E-05
0,0353922493551459 1,25130710910218E-05 2,44423254527349E-06
0,0355343523152043 1,61569271897429E-06 -1,21265047189151E-05
0,0356764552752627 -6,53864334387754E-06 -9,82168137240858E-06
0,035818558235321 -3,93191805507929E-06 2,51942934615291E-05
0,0359606611953794 6,51467709464714E-06 5,72844909906127E-06
0,0361027641554378 -2,03968124442442E-05 1,03144268853505E-05
0,0362448671154962 -3,92686559640822E-06 6,69661878485852E-06
0,0363869700755546 6,24893376600904E-06 -2,47196171713461E-05
0,0365290730356129 2,07651243482111E-06 5,53581259667307E-06
0,0366711759956713 -1,33775539985122E-05 -5,53744584590711E-06
0,0368132789557297 -1,97353335325619E-05 -2,12470879005314E-07
0,0369553819157881 -7,17994678691714E-06 6,82182025377234E-06
0,0370974848758465 -1,15788696754817E-05 8,10308064727946E-06
0,0372395878359048 2,01337641757196E-05 -4,3529418679574E-06
0,0373816907959632 3,30471791654965E-05 -1,46354311843419E-05
0,0375237937560216 8,1265764633206E-06 6,93251283974925E-06
0,03766589671608 -2,02211736343429E-05 -8,45850739187192E-06
0,0378079996761383 -1,52343199343357E-05 -8,9393067496503E-07
0,0379501026361967 -2,26110409863526E-06 -3,7432261328129E-06
0,0380922055962551 -8,30193989609272E-06 1,64628852279096E-05
0,0382343085563135 -6,48766711308669E-06 -1,62494453854013E-05
0,0383764115163719 -1,06331930168893E-05 -4,76522602872541E-06
0,0385185144764302 -4,64586585153187E-06 1,49216505571214E-05
0,0386606174364886 2,59332338563917E-06 -6,74306803579713E-06
0,038802720396547 1,38597626080517E-05 -1,45265664013551E-05
0,0389448233566054 4,78664641783122E-06 7,88459838000459E-06
0,0390869263166638 1,29833648516251E-05 -7,73544563888711E-06
0,0392290292767221 -9,80238659065973E-06 -2,08404345393601E-05
0,0393711322367805 2,38566818288407E-05 -1,01130503715447E-05
0,0395132351968389 -9,19412453340343E-06 1,65658775872886E-05
0,0396553381568973 1,64361438144983E-06 -4,75267570559757E-06
0,0397974411169556 7,69782026326441E-06 2,52228909562561E-05
0,039939544077014 -5,53405505993227E-06 -1,36254919116097E-05
0,0400816470370724 -3,82769887260962E-06 8,33884270712724E-06
0,0402237499971308 -1,2632888512241E-06 6,81734176193067E-06
0,0403658529571892 -7,15770449888107E-06 9,9345837478831E-06
0,0405079559172475 -3,3498652308104E-07 -3,53104429208573E-06
0,0406500588773059 -6,75008255855204E-06 8,85614012272322E-06
0,0407921618373643 3,10306691811992E-06 -6,51348957549884E-06
0,0409342647974227 -2,62010435635066E-06 -2,26633034012046E-06
0,0410763677574811 -1,20394430036478E-06 -4,5716495495839E-06
0,0412184707175394 4,70773408850744E-06 -1,29428181487192E-05
0,0413605736775978 6,96670794047074E-06 -1,10608910303152E-05
0,0415026766376562 -1,91022749041544E-05 5,80806567788853E-07
0,0416447795977146 1,0915834866566E-05 1,14426137973295E-06
0,041786882557773 -3,57376559784709E-06 -2,86219923989322E-06
0,0419289855178313 2,03699417463401E-05 1,28889446268787E-05
0,0420710884778897 -3,68998002639514E-06 1,26710470060076E-05
0,0422131914379481 -1,3211938891958E-05 8,24709312514914E-06
0,0423552943980065 -1,73203477124323E-05 1,03718411013935E-05
0,0424973973580648 -4,26892351330611E-07 1,27160641380073E-06
0,0426395003181232 -7,63132091122189E-06 -2,01712524673846E-05
0,0427816032781816 3,36692027163623E-06 -1,90813951678894E-05
0,04292370623824 1,05238824804691E-05 1,1186768789308E-05
0,0430658091982984 -8,04709038300713E-06 -5,36227133890623E-06
0,0432079121583567 -1,23118011014736E-05 2,44342517878987E-06
0,0433500151184151 1,43650885890862E-05 -2,64114981355061E-05
0,0434921180784735 -1,37615414163768E-05 -4,73472555350419E-06
0,0436342210385319 9,03943015289139E-06 8,27676934592334E-06
0,0437763239985903 -6,3247642400163E-06 -2,32431477121788E-06
0,0439184269586486 7,09138971050106E-06 -3,75491063828056E-06
0,044060529918707 4,4616323187355E-06 1,00241356140532E-05
0,0442026328787654 9,64010311740247E-07 -8,7590608916734E-06
0,0443447358388238 -1,34074452378077E-08 1,26430847082418E-05
0,0444868387988821 -4,99717517354218E-06 1,37892054635734E-06
0,0446289417589405 6,57364398548444E-06 -1,57924956309458E-05
0,0447710447189989 7,68180414348716E-06 1,13764249320754E-05
0,0449131476790573 -7,06727257365551E-06 -3,89433118070971E-06
0,0450552506391157 -1,33165127279131E-05 -4,19335210049194E-06
0,045197353599174 -2,05729492825538E-06 -1,17228332490094E-05
0,0453394565592324 7,14488818994111E-06 -6,05721160552726E-06
0,0454815595192908 -1,15900717740018E-05 1,58483718991769E-05
0,0456236624793492 -2,20394299898538E-07 -1,03455870668548E-05
0,0457657654394076 -9,78867322601146E-06 -1,7399466076551E-05
0,0459078683994659 1,30074916363336E-05 -1,03707565426984E-05
0,0460499713595243 -8,30782945792025E-06 8,12263507681154E-06
0,0461920743195827 6,99192485971762E-06 4,12370008624677E-06
0,0463341772796411 1,79523397715519E-05 -1,77532278301973E-05
0,0464762802396995 -1,70127513157344E-06 1,27400338127609E-05
0,0466183831997578 -1,139245680055E-06 -1,21835273299931E-05
0,0467604861598162 3,33353980693872E-06 -6,53652760052589E-07
0,0469025891198746 1,88595699992261E-06 -1,43212120171807E-05
0,047044692079933 -3,18115832642891E-06 1,27437918270954E-07
0,0471867950399913 -9,79236141599054E-06 -1,69280492712809E-05
0,0473288980000497 9,62647390482185E-06 -6,91202981016749E-06
0,0474710009601081 2,41863717676006E-05 8,04942040406701E-06
0,0476131039201665 2,14980305676551E-05 -1,57361775413653E-05
0,0477552068802249 3,50264012928262E-06 6,20999468191627E-06
0,0478973098402832 1,34130987620488E-06 3,00125707177036E-06
0,0480394128003416 -1,54688781828767E-05 1,36454533749821E-05
0,0481815157604 1,55625341245153E-05 7,10865359652683E-06
0,0483236187204584 -1,09242994578075E-06 4,13077444717261E-06
0,0484657216805168 1,90909581811306E-05 -2,02659082044796E-06
0,0486078246405751 -8,213471277817E-06 -3,0612840456461E-06
0,0487499276006335 1,98528254311191E-05 -4,51431792006012E-06
0,0488920305606919 1,10574364329894E-05 -2,16203703174199E-05
0,0490341335207503 -6,10376851554463E-06 2,33782664776785E-05
0,0491762364808086 5,84785883764143E-06 -9,48197476961843E-06
0,049318339440867 -1,5621154338525E-05 2,81090306844586E-05
0,0494604424009254 2,43290941498156E-05 -1,57392158484093E-05
0,0496025453609838 -1,32549705067654E-05 1,82925090360364E-05
0,0497446483210422 1,39973823669683E-05 6,06527725582774E-07
0,0498867512811005 1,94735041079757E-05 2,43154601871954E-05
0,0500288542411589 -1,30599280622554E-05 -6,71884137145732E-06
0,0501709572012173 9,40265526671182E-06 4,26793120966632E-06
0,0503130601612757 -3,22841366799851E-06 2,48694806776892E-05
0,0504551631213341 -2,02672095117112E-05 -8,86212188520116E-07
0,0505972660813924 -2,58904847834993E-06 8,87931901844411E-06
0,0507393690414508 2,5731067182488E-06 -1,07101012147653E-05
0,0508814720015092 -3,04569893810867E-05 5,165352945913E-06
0,0510235749615676 1,01034142819133E-05 -1,98284131964795E-05
0,0511656779216259 9,28712559886699E-06 1,4619982566694E-05
0,0513077808816843 -3,25820883832479E-05 -2,06324216700589E-06
0,0514498838417427 1,2474056466678E-05 8,26741885173866E-07
0,0515919868018011 2,31023263987219E-05 -1,1798730814906E-05
0,0517340897618595 -1,54782443189475E-05 -1,22616031421005E-05
0,0518761927219178 4,19463984327321E-06 1,82883441170642E-06
0,0520182956819762 -3,88607196267232E-06 1,61280591052088E-05
0,0521603986420346 -3,93822792465117E-06 5,64513139080626E-06
0,052302501602093 6,63324737935262E-06 2,19173684905641E-06
0,0524446045621514 4,76780003317078E-06 -1,14536795091152E-06
0,0525867075222097 7,28878804369584E-06 -6,66357361025089E-06
0,0527288104822681 -1,36041645826075E-05 -2,54960552798803E-06
0,0528709134423265 -8,57818080892292E-06 1,10641526813363E-05
0,0530130164023849 9,66993700625425E-07 -9,77350786810374E-06
0,0531551193624433 1,00046318281159E-06 -2,20903212694621E-05
0,0532972223225016 3,87240455878711E-06 7,65771734070553E-06
0,05343932528256 -9,13996007075744E-06 2,83037556578786E-06
0,0535814282426184 4,99885560975934E-06 1,08238338419928E-06
0,0537235312026768 1,6160275890181E-05 5,95475374789622E-06
0,0538656341627351 -1,5116868800909E-05 -9,43525625641275E-06
0,0540077371227935 1,66111183963012E-05 1,28254531200102E-05
0,0541498400828519 2,19039360311721E-05 -1,20626913000101E-05
0,0542919430429103 7,47045841012674E-06 9,1829007672799E-06
0,0544340460029687 -2,25639087826761E-05 2,99537702980184E-05
0,054576148963027 -8,80489611347815E-06 9,34262180735011E-06
0,0547182519230854 -3,37982995334742E-06 -1,24834694681896E-05
0,0548603548831438 -9,07027968003682E-06 -3,21306069683831E-06
0,0550024578432022 -1,26051393873919E-05 -5,73798473912717E-06
0,0551445608032606 -1,17728980527682E-05 6,27640653213367E-06
0,0552866637633189 1,07021572819589E-05 1,84522400052219E-06
0,0554287667233773 1,95532834100575E-06 8,30690718592797E-06
0,0555708696834357 -2,14317503246751E-05 -2,07771445993675E-05
0,0557129726434941 1,97214266172278E-06 -1,21426758832439E-05
0,0558550756035524 -2,0695900172876E-05 1,0088191124563E-05
0,0559971785636108 4,83752498171775E-06 -8,49401927864283E-06
0,0561392815236692 -2,89648230449925E-06 4,23848789505535E-06
0,0562813844837276 -1,12676300851462E-05 -2,62428790720163E-05
0,056423487443786 2,88177540197099E-05 -1,5360055764609E-05
0,0565655904038443 4,26282421072082E-06 -1,71220625223957E-05
0,0567076933639027 4,68717534474226E-07 -1,43239360658305E-05
0,0568497963239611 -3,3532693511462E-06 -3,35097184575868E-06
0,0569918992840195 2,20936816734123E-05 7,17753381124789E-06
0,0571340022440779 1,67267723441408E-06 9,24005403753397E-06
0,0572761052041362 7,72186613061513E-06 2,22443408338958E-06
0,0574182081641946 9,58425736867253E-06 1,19206698726708E-05
0,057560311124253 -8,47583374092507E-06 -1,76211180389306E-05
0,0577024140843114 1,53293306855598E-05 2,89541986716256E-06
0,0578445170443697 7,75768270359825E-06 4,09226104186846E-06
0,0579866200044281 -4,13941191248883E-06 2,02693116958132E-06
0,0581287229644865 1,01381252445211E-05 -1,53419500228542E-05
0,0582708259245449 -1,14211982268696E-05 1,77707913474144E-06
0,0584129288846033 7,54650938966948E-06 1,82020139102131E-05
0,0585550318446616 -1,21783684229326E-05 1,34481743847307E-05
0,05869713480472 1,41651558491033E-06 -1,5177169064205E-06
0,0588392377647784 1,67127748173092E-05 -1,29407373694571E-05
0,0589813407248368 9,06942810594702E-06 -1,0626798172051E-06
0,0591234436848952 8,37119976409528E-07 -7,41125666735678E-06
0,0592655466449535 -2,30462765747255E-05 -1,03407935115619E-06
0,0594076496050119 1,78517795274618E-05 -1,43525662405364E-06
0,0595497525650703 1,18000006197431E-05 -1,1810885756163E-05
0,0596918555251287 -1,04722698512619E-05 8,14208190262299E-06
0,0598339584851871 8,92609136252749E-06 1,53205353847093E-05
0,0599760614452454 -3,25377407013942E-06 1,05767992691558E-05
0,0601181644053038 -1,03859963249401E-05 5,66233290867941E-06
0,0602602673653622 1,59215317904855E-05 -1,69782744769571E-05
0,0604023703254206 2,15363395169223E-06 8,59425827785455E-06
0,0605444732854789 6,01887532293843E-06 -4,91685963712398E-06
0,0606865762455373 9,03263573956219E-06 -9,39706434233157E-06
0,0608286792055957 -1,17048719691253E-05 -7,69555696422297E-06
0,0609707821656541 1,25233637909206E-05 -3,05699573379225E-06
0,0611128851257125 2,62259935996262E-06 7,99542207449753E-06
0,0612549880857708 -1,37926113603037E-05 5,54404113062633E-06
0,0613970910458292 8,86357691210433E-06 2,27348179038963E-06
0,0615391940058876 7,06980165441125E-06 4,51167932598005E-06
0,061681296965946 1,24895461668896E-05 -1,46192129936214E-05
0,0618233999260044 -1,35073630298663E-05 1,54130427215037E-05
0,0619655028860627 1,32137199248737E-05 2,64709206366527E-05
0,0621076058461211 1,16429375596842E-05 6,58723623217441E-06
0,0622497088061795 1,08758327160688E-05 -5,53815734344381E-06
0,0623918117662379 -1,48513920197378E-05 -7,71852518452737E-06
0,0625339147262962 2,2657915786518E-06 -6,48337408665753E-06
0,0626760176863546 -1,91766134482435E-05 -2,41710455562749E-06
0,062818120646413 1,36315332396678E-05 -2,73845614656182E-06
0,0629602236064714 -9,13569560604205E-06 1,52606520436804E-05
0,0631023265665298 -1,93546573257492E-05 5,69314311277924E-06
0,0632444295265881 -1,14473980257652E-06 -1,6023456563295E-05
0,0633865324866465 3,16960753745852E-05 1,89566850137E-06
0,0635286354467049 1,64210928801687E-05 1,8371928038256E-05
0,0636707384067633 2,78469096487206E-07 9,21680794265956E-06
0,0638128413668217 -1,51516334723734E-06 1,19912381490502E-05
0,06395494432688 2,28287662487703E-07 -1,53121054002594E-05
0,0640970472869384 -2,01526645738177E-05 2,51399516969001E-06
0,0642391502469968 9,238347754463E-06 -1,32037590667422E-05
0,0643812532070552 -1,32403580084123E-05 -3,0940038492343E-06
0,0645233561671135 -9,88373946667315E-06 1,62816728273152E-05
0,0646654591271719 7,75536198074917E-06 -1,51956546714703E-06
0,0648075620872303 1,42256668171298E-06 2,86193258750118E-05
0,0649496650472887 7,07855119878174E-06 -1,59510066788007E-05
0,0650917680073471 5,8184715214525E-06 1,06090504102355E-05
0,0652338709674054 -1,25757425284436E-05 -1,20432516482214E-05
0,0653759739274638 2,94189627093753E-07 -1,19088930729175E-05
0,0655180768875222 -9,25787090518243E-06 -1,64638136634712E-06
0,0656601798475806 -1,34258237903064E-05 -8,52596823370215E-06
0,065802282807639 4,73170811139081E-06 1,15054179422964E-05
0,0659443857676973 4,0711553230293E-06 5,08693813086557E-07
0,0660864887277557 1,4799786991814E-05 7,81057307382359E-06
0,0662285916878141 -6,35306453731562E-06 -9,33201268144699E-06
0,0663706946478725 -5,66262122887178E-07 -8,97979578879084E-06
0,0665127976079309 1,96098405366308E-05 -1,46588057978027E-06
0,0666549005679892 -1,4727669547695E-05 8,07109894423005E-08
0,0667970035280476 4,89040158497304E-06 3,01471863282102E-06
0,066939106488106 -1,79713172782638E-05 -1,88410199836254E-05
0,0670812094481644 2,11250810259878E-05 -9,61189244430754E-06
0,0672233124082227 1,46677377108279E-05 8,27314033781242E-06
0,0673654153682811 -6,77651783870848E-06 -3,38756588126492E-06
0,0675075183283395 1,45108906620386E-05 2,67124187082738E-05
0,0676496212883979 -1,53734398253078E-05 2,21571964165733E-05
0,0677917242484563 4,58052397463134E-06 -2,06705840763536E-05
0,0679338272085146 2,41857736724391E-05 -9,67008920703791E-07
0,068075930168573 4,36877305209559E-06 -6,42103252402268E-06
0,0682180331286314 -4,14165048901908E-06 6,72420126489368E-06
0,0683601360886898 -9,86767084415985E-06 -7,99626322294934E-06
0,0685022390487482 2,94820408606101E-06 -7,32305656384004E-06
0,0686443420088066 -1,5179403498582E-05 1,40702755954262E-06
0,0687864449688649 6,16936435465251E-06 -4,19840558283085E-08
0,0689285479289233 1,33199358828908E-05 2,12353204603567E-05
0,0690706508889817 2,21009954732341E-05 1,11520242198768E-06
0,06921275384904 1,49755687495505E-05 1,11849182745747E-05
0,0693548568090984 -7,42737239650066E-07 7,92635820846433E-06
0,0694969597691568 -1,31721475561183E-06 -5,64182284244362E-06
0,0696390627292152 -4,00632949875112E-06 5,08796421218513E-06
0,0697811656892736 -4,56079794040613E-06 -2,32340381906977E-06
0,0699232686493319 -6,48592582069215E-06 1,16369150676867E-05
0,0700653716093903 -1,39360102463233E-05 1,65488041612352E-05
0,0702074745694487 -1,8317466154122E-06 3,29316330918447E-06
0,0703495775295071 2,74025967226587E-06 -1,77759395176785E-06
0,0704916804895655 5,03461364597113E-06 -2,32337577497432E-06
0,0706337834496238 1,0110684948314E-05 -7,97748336830962E-07
0,0707758864096822 -1,163733008104E-07 -5,183599552764E-06
0,0709179893697406 1,94455375622768E-06 2,26850503576425E-05
0,071060092329799 -1,1088329537804E-05 -7,88751618053557E-06
0,0712021952898573 -1,82486310050068E-05 -6,1953405635125E-06
0,0713442982499157 2,01731787922069E-05 7,33053057240449E-06
0,0714864012099741 -2,00166347945225E-05 5,52443560517339E-06
0,0716285041700325 -2,48269646986049E-06 1,07622690052069E-05
0,0717706071300909 1,62523092485308E-06 1,04042048191778E-05
0,0719127100901492 1,19364146479619E-05 5,99402066091739E-06
0,0720548130502076 -1,45874171265209E-05 -2,8295471424462E-05
0,072196916010266 3,05977234472317E-07 -2,15853319882003E-06
0,0723390189703244 5,5031145083756E-06 1,12882490237598E-05
0,0724811219303828 -1,66812734012779E-05 4,32482374228005E-07
0,0726232248904411 -1,39625016605252E-05 6,27642469493711E-06
0,0727653278504995 -7,19559152927641E-07 -1,6227208206677E-05
0,0729074308105579 8,97312278468392E-06 -7,68655450783055E-07
0,0730495337706163 4,0984347924454E-06 -3,90331645207107E-05
0,0731916367306747 4,20737477812889E-06 2,93885311707118E-05
0,073333739690733 8,63927962841864E-06 -1,19801524124313E-06
0,0734758426507914 -4,93259529533165E-06 1,13972220264511E-05
0,0736179456108498 9,78878629984417E-06 1,05134014885179E-05
0,0737600485709082 1,51381331845371E-05 1,87345772620857E-05
0,0739021515309665 3,55352148262038E-06 -1,80271367539062E-05
0,0740442544910249 -1,95750129615575E-05 -4,66072609511846E-06
0,0741863574510833 -1,23903952948714E-05 3,67090097110689E-06
0,0743284604111417 -8,02727145078371E-06 3,8038165600571E-06
0,0744705633712001 -3,00919190891176E-06 8,7860804771161E-06
0,0746126663312584 -1,18680104036257E-05 -1,50255375783713E-05
0,0747547692913168 1,72609987690548E-06 1,87294991700056E-05
0,0748968722513752 -7,74861639564241E-06 -1,7400498226474E-06
0,0750389752114336 1,00097295092086E-05 -1,3603418495618E-05
0,075181078171492 1,79222562512673E-06 -1,51287212120249E-05
0,0753231811315503 -5,6784076898648E-07 1,66816784376434E-06
0,0754652840916087 7,48061854423851E-06 -2,32872980067768E-06
0,0756073870516671 8,26882804000012E-06 -6,28547175567838E-06
0,0757494900117255 3,75199093247344E-06 -3,95602646598002E-06
0,0758915929717839 -1,24886631019101E-05 5,84822866497797E-06
0,0760336959318422 -1,45220419247777E-05 -1,89363536218027E-06
0,0761757988919006 -5,94366791148926E-06 1,72580205582851E-05
0,076317901851959 1,07832736039733E-05 6,6609468550524E-06
0,0764600048120174 8,50670496856549E-06 -1,34299340192993E-05
0,0766021077720757 -1,45881865468342E-05 -2,55598353885473E-05
0,0767442107321341 1,81914712625927E-05 -4,31348269162304E-06
0,0768863136921925 3,587388083E-05 -2,36648620232348E-06
0,0770284166522509 -1,19040175137235E-05 1,07192887567526E-05
0,0771705196123093 -6,70749031508745E-06 -1,19770235364383E-06
0,0773126225723676 -4,80495445370594E-06 6,77221371260657E-06
0,077454725532426 -3,81019978176228E-06 -1,16492827010208E-05
0,0775968284924844 7,62498234191343E-07 1,48226021211762E-06
0,0777389314525428 1,33202933075817E-05 2,84924603132619E-05
0,0778810344126012 1,8004737993635E-05 2,5837838120975E-06
0,0780231373726595 1,71774525758437E-05 4,06247936029938E-06
0,0781652403327179 -2,3500216569317E-05 -1,34941260696744E-05
0,0783073432927763 5,03469261709839E-06 -9,65358604145541E-07
0,0784494462528347 -1,43472001722521E-05 -6,58189379142749E-06
0,078591549212893 -5,02850158686412E-06 2,61018494478768E-05
0,0787336521729514 8,99630669846664E-06 -9,57998551698514E-06
0,0788757551330098 3,87641966153938E-06 1,91784344732627E-06
0,0790178580930682 -9,91379188981936E-06 1,19596937178663E-05
0,0791599610531266 -1,77602923317925E-06 -3,21175090116809E-06
0,0793020640131849 5,11335512863905E-06 -1,13882358417333E-05
0,0794441669732433 1,63774562556572E-08 -8,0930883861894E-06
0,0795862699333017 1,33624772840031E-05 7,11557906104383E-06
0,0797283728933601 1,68627084360284E-06 -4,20920042932307E-06
0,0798704758534185 1,0204832272023E-06 5,19961263597271E-06
0,0800125788134768 -3,33536616165647E-06 2,15879753836171E-05
0,0801546817735352 1,5440626446498E-05 -1,08006395769664E-05
0,0802967847335936 -1,80933007181684E-05 6,01826762539433E-06
0,080438887693652 -1,29463750146275E-05 2,27319836691451E-06
0,0805809906537104 1,16434241819419E-05 -2,26906529220756E-06
0,0807230936137687 -6,95499256836193E-06 -1,39529542604332E-05
0,0808651965738271 1,3117419108224E-05 -1,40272185576015E-05
0,0810072995338855 1,98871925575339E-05 2,52352876818829E-05
0,0811494024939439 3,57312627592933E-06 1,32540208025474E-05
0,0812915054540023 -1,18835215533822E-06 1,12231592663787E-05
0,0814336084140606 -4,42999115792222E-06 -9,29395990775651E-06
0,081575711374119 -3,8574769923742E-06 2,7510245013649E-07
0,0817178143341774 -1,05498563163359E-05 5,05356671438982E-06
0,0818599172942358 4,0596284622042E-06 -5,803733071351E-06
0,0820020202542941 -3,84617057717529E-06 1,01244659312781E-05
0,0821441232143525 -3,09609462571255E-06 2,21116773661606E-05
0,0822862261744109 5,31820513622168E-06 -7,52716511983272E-06
0,0824283291344693 -4,11667245914924E-06 1,14046192096965E-05
0,0825704320945276 5,36783400006082E-06 -4,72775169024268E-06
0,082712535054586 -4,32285280343077E-06 -5,72244330801701E-06
0,0828546380146444 1,89533769234859E-06 -1,82927702797485E-05
0,0829967409747028 -1,02389166763519E-06 -8,81028730487976E-06
0,0831388439347612 -1,51849803732479E-05 1,95308410086322E-05
0,0832809468948196 5,71325030074854E-06 9,1676788327092E-06
0,0834230498548779 4,56239411800084E-06 -4,95322088717228E-07
0,0835651528149363 5,93454209087165E-06 1,10483183060352E-05
0,0837072557749947 8,15286566654217E-06 -2,40139652729138E-06
0,0838493587350531 -2,21522580050165E-07 1,50358224654965E-05
0,0839914616951114 -1,26680602368417E-05 3,96346629496946E-06
0,0841335646551698 -7,47272839169039E-07 8,99794220015751E-06
0,0842756676152282 -2,00867982414904E-06 -1,28454421619195E-05
0,0844177705752866 -7,20363212888166E-06 -5,98974149385582E-06
0,0845598735353449 1,1734541270787E-05 -3,74446444700611E-06
0,0847019764954033 -1,5603240060526E-05 3,7020875650009E-06
0,0848440794554617 -1,34042096267873E-05 5,54937710816167E-06
0,0849861824155201 -7,23494869733687E-06 1,75260671307061E-05
0,0851282853755785 2,37429539126074E-05 -1,7660346831437E-06
0,0852703883356368 -2,2670910407774E-07 6,85299717395989E-06
0,0854124912956952 -5,15817537988516E-06 -6,07894675560128E-06
0,0855545942557536 -1,07653804076606E-05 2,3170427373823E-05
0,085696697215812 -1,3040022365606E-05 -6,89679918260616E-06
0,0858388001758704 -9,87775657596166E-06 -1,38337054818545E-05
0,0859809031359287 1,83182010076261E-06 -1,4810506707186E-05
0,0861230060959871 -4,78982655789102E-06 2,59189291389787E-06
