5411,26806512444 2,98423351322829E-05
6305,61787889292 5,14870256904586E-05
7199,9676926614 4,76447169210585E-05
8094,31750642988 6,86786970647723E-05
8988,66732019836 4,97974192113096E-05
9883,01713396685 4,91685709603137E-05
10777,3669477353 2,27017362724102E-05
11671,7167615038 2,79763440272101E-05
12566,0665752723 1,60688372345995E-05
13460,4163890408 1,86194694956282E-05
14354,7662028092 5,74728434043517E-05
15249,1160165777 6,13163075135171E-05
16143,4658303462 8,14453686099179E-05
17037,8156441147 0,000104060392472672
17932,1654578832 0,000159829119474549
18826,5152716517 0,000164433808125687
19720,8650854201 0,000162477254154989
20615,2148991886 0,000287440830912877
21509,5647129571 0,00021816713142409
22403,9145267256 0,000310241265455283
23298,2643404941 0,000402144722124971
24192,6141542625 0,000444146526053405
25086,963968031 0,000392236898310879
25981,3137817995 0,000535065095510315
26875,663595568 0,000549524180685599
27770,0134093365 0,000586755706633838
28664,3632231049 0,000561332896945131
29558,7130368734 0,000808877908546719
30453,0628506419 0,00078427684574168
31347,4126644104 0,000745544827130083
32241,7624781789 0,000796666275065724
33136,1122919473 0,000882220374593065
34030,4621057158 0,00108460257391387
34924,8119194843 0,000994795384071259
35819,1617332528 0,000964586350657968
36713,5115470213 0,00101813237009636
37607,8613607897 0,00129602358761807
38502,2111745582 0,00130058326489926
39396,5609883267 0,000982831619987711
40290,9108020952 0,00119551914182028
41185,2606158637 0,00129261855808618
42079,6104296321 0,00144252196944952
42973,9602434006 0,00132311344825938
43868,3100571691 0,00125158326091331
44762,6598709376 0,00140375960650455
45657,0096847061 0,00139371133969246
46551,3594984745 0,00160001948297454
47445,709312243 0,00147137095489278
48340,0591260115 0,00119616934608284
49234,40893978 0,00139537446205031
50128,7587535485 0,00167678608947619
51023,1085673169 0,00149898984587713
51917,4583810854 0,00128653843275738
52811,8081948539 0,00121615698119158
53706,1580086224 0,00137160521580551
54600,5078223909 0,00176250700576611
55494,8576361594 0,00131504243033441
56389,2074499278 0,00122883875863098
57283,5572636963 0,00121554875227723
58177,9070774648 0,00133668709620991
59072,2568912333 0,00140018015899177
59966,6067050018 0,00128816592275888
60860,9565187702 0,00118707981282289
61755,3063325387 0,000807847594755352
62649,6561463072 0,000956815688689858
63544,0059600757 0,00106299351088056
64438,3557738442 0,0012352254140619
65332,7055876126 0,000833735823940865
66227,0554013811 0,000833568235693568
67121,4052151496 0,000532883064063127
68015,7550289181 0,00109577174725498
68910,1048426865 0,000806954640883266
69804,454656455 0,000597886705246592
70698,8044702235 0,000909829006400688
71593,154283992 0,000501925666031051
72487,5040977605 0,000503314315487687
73381,853911529 0,000527368017028766
74276,2037252974 0,000509714906412166
75170,5535390659 0,000441299629439967
76064,9033528344 0,000406517592456178
76959,2531666029 0,000337638380157538
77853,6029803714 0,000297726095125235
78747,9527941398 0,000273002614305944
79642,3026079083 0,000241968279129967
80536,6524216768 0,00019483085815904
81431,0022354453 0,000189296881647315
82325,3520492138 0,00010134121487583
83219,7018629822 0,000136590740897956
84114,0516767507 9,29037144274374E-05
85008,4014905192 6,56505141250923E-05
85902,7513042877 2,34971602088075E-05
86797,1011180562 4,46486869941231E-06
87691,4509318246 2,34750662924708E-05
88585,8007455931 3,5334346247137E-05
89480,1505593616 6,66803516272619E-05
90374,5003731301 3,19852554430156E-05
91268,8501868986 6,26719536698905E-05
92163,200000667 5,51627652631439E-05
93057,5498144355 6,21092116586714E-05
93951,899628204 7,80629056657022E-05
94846,2494419725 9,98801207448332E-05
95740,599255741 8,94016268873473E-05
96634,9490695094 0,00012826070662662
97529,2988832779 9,39752658932432E-05
98423,6486970464 9,15249701850628E-05
99317,9985108149 7,77883920029757E-05
100212,348324583 8,64134780445959E-05
101106,698138352 6,60063697371683E-05
102001,04795212 5,82452509613207E-05
102895,397765889 7,56514795937537E-05
103789,747579657 6,06059245690971E-05
104684,097393426 7,44393022215048E-05
105578,447207194 5,79047828294115E-05
106472,797020963 6,0692132136853E-05
107367,146834731 4,5202292717099E-05
108261,4966485 5,38553785237483E-06
109155,846462268 1,99398955248957E-05
110050,196276037 2,39335636515419E-05
110944,546089805 2,93664643949755E-05
111838,895903574 6,38728465708539E-05
112733,245717342 2,3185805122986E-05
113627,595531111 3,44310079506504E-05
114521,945344879 3,83758850245177E-05
115416,295158648 3,22405309536176E-05
116310,644972416 4,28044382096816E-05
117204,994786185 5,74566207352505E-05
118099,344599953 3,28882822160486E-05
118993,694413721 2,62984432311709E-05
119888,04422749 7,23480875477904E-05
120782,394041258 8,95754133092551E-05
121676,743855027 1,6517129501052E-05
122571,093668795 4,1995206121096E-05
123465,443482564 5,52913850917541E-06
124359,793296332 4,92879697382317E-05
125254,143110101 7,5821590342573E-05
126148,492923869 6,4069162809433E-05
127042,842737638 3,24396352222008E-05
127937,192551406 5,41341421580311E-05
128831,542365175 3,99094952087591E-06
129725,892178943 2,12564605859387E-05
130620,241992712 4,31798051753951E-05
131514,59180648 3,56167911255766E-05
132408,941620249 7,62300715343691E-05
133303,291434017 7,44811392313214E-06
134197,641247786 3,55176033850268E-05
135091,991061554 6,48474612104598E-05
135986,340875323 2,39809324528292E-05
136880,690689091 4,15899573652912E-05
137775,04050286 3,53569140194487E-05
138669,390316628 3,46059221285218E-05
139563,740130397 2,78197852246103E-05
140458,089944165 4,87057480560007E-05
141352,439757933 4,14591485896068E-05
142246,789571702 7,49869127503615E-05
143141,13938547 0,000110022482763936
144035,489199239 3,79707844634188E-05
144929,839013007 1,91547712058417E-05
145824,188826776 3,73132592066287E-05
146718,538640544 2,01084885003423E-05
147612,888454313 2,79538530157181E-05
148507,238268081 1,23969132210533E-05
149401,58808185 2,72484293803107E-05
150295,937895618 1,4501732860154E-05
151190,287709387 1,91310555112727E-05
152084,637523155 2,18635050467145E-05
152978,987336924 6,65435853445706E-06
153873,337150692 1,76435064676764E-05
154767,686964461 1,27834355398275E-05
155662,036778229 1,72039046810846E-05
156556,386591998 1,57759419314393E-05
157450,736405766 7,89078123564135E-06
158345,086219535 7,46064376077725E-06
159239,436033303 5,97549299616812E-06
160133,785847072 5,01907051648747E-06
161028,13566084 7,99176490527756E-06
161922,485474609 6,76944049358773E-06
162816,835288377 2,95715675358979E-05
163711,185102145 4,39696053212796E-06
164605,534915914 5,41022852459585E-06
165499,884729682 8,40281934094448E-06
166394,234543451 1,09598920700546E-05
167288,584357219 3,06729104125864E-05
168182,934170988 1,44399240487372E-05
169077,283984756 1,52644749790054E-05
169971,633798525 1,42982150984327E-05
170865,983612293 2,13530489817931E-05
171760,333426062 1,96609338651351E-05
172654,68323983 1,03269309638979E-05
173549,033053599 1,90157827025133E-05
174443,382867367 4,07171621727001E-06
175337,732681136 5,71528215611774E-07
176232,082494904 2,25804770295851E-05
177126,432308673 5,03881821386784E-06
178020,782122441 2,26000756301481E-05
178915,13193621 1,50107118899595E-05
179809,481749978 6,12918981679758E-06
180703,831563747 7,80338124791412E-06
181598,181377515 9,90311879671166E-06
182492,531191284 4,28134321273986E-06
183386,881005052 1,1543857330069E-05
184281,230818821 1,02406335245014E-05
185175,580632589 8,83136556434338E-06
186069,930446357 5,68627239819574E-06
186964,280260126 1,33558877795814E-05
187858,630073894 1,80966448588926E-05
188752,979887663 8,50108990651293E-06
189647,329701431 9,30706419216494E-06
190541,6795152 2,41968437971356E-05
191436,029328968 5,12047474530164E-06
192330,379142737 1,87780822678778E-05
193224,728956505 2,14147913989507E-05
194119,078770274 5,57729990661829E-06
195013,428584042 2,92849351802972E-05
195907,778397811 1,40719511300038E-05
196802,128211579 1,68107741669004E-05
197696,478025348 1,86770376896049E-05
198590,827839116 1,2641728254937E-05
199485,177652885 1,35547420546699E-05
200379,527466653 1,64230789889147E-05
201273,877280422 1,28863351272647E-05
202168,22709419 3,19494770134956E-05
203062,576907959 2,70116049766066E-05
203956,926721727 7,93355386214523E-06
204851,276535496 1,94942016305657E-05
205745,626349264 2,67823138635304E-05
206639,976163033 9,27343006832811E-06
207534,325976801 4,57472946482706E-06
208428,675790569 1,85903414801354E-05
209323,025604338 2,72384388180612E-05
210217,375418106 5,67783133290143E-06
211111,725231875 9,06205711882606E-06
212006,075045643 1,89004006995759E-05
212900,424859412 3,88273133507282E-06
213794,77467318 3,00375226441235E-06
214689,124486949 1,53936168343853E-06
215583,474300717 3,6421614581534E-06
216477,824114486 5,36594282723627E-06
217372,173928254 9,91961242416759E-06
218266,523742023 6,77796048873436E-06
219160,873555791 6,09942226936106E-06
220055,22336956 4,40157733406636E-06
220949,573183328 7,59492551750203E-06
221843,922997097 9,25751969154375E-06
222738,272810865 7,08092796048694E-06
223632,622624634 6,86864686692377E-06
224526,972438402 9,37356461105991E-06
225421,322252171 4,398031251665E-06
226315,672065939 6,75395047892135E-06
227210,021879708 8,27081550364369E-06
228104,371693476 8,68757519320426E-06
228998,721507245 1,02836536486608E-05
229893,071321013 4,62726886654249E-06
230787,421134782 3,12100511315501E-06
231681,77094855 1,13858098230749E-05
232576,120762318 9,79572683831389E-06
233470,470576087 1,91582661755291E-06
234364,820389855 1,20744904917695E-05
235259,170203624 5,15548603992404E-06
236153,520017392 2,03686605325804E-05
237047,869831161 3,70885813647871E-05
237942,219644929 1,05518494744833E-05
238836,569458698 1,13362932817063E-05
239730,919272466 1,59968943792643E-05
240625,269086235 4,01256216822143E-06
241519,618900003 5,77935377344505E-06
242413,968713772 1,42891791057574E-05
243308,31852754 4,77991969283929E-06
244202,668341309 1,27458232535683E-05
245097,018155077 8,67857863221736E-06
245991,367968846 1,03429197220903E-05
246885,717782614 2,81426242757768E-05
247780,067596383 1,96229130998924E-05
248674,417410151 1,37037566345412E-05
249568,76722392 1,45856017126286E-05
250463,117037688 9,94191654003634E-06
251357,466851457 1,74754933988784E-05
252251,816665225 8,50728714906809E-06
253146,166478994 2,03007733895344E-06
254040,516292762 1,78270831010756E-05
254934,86610653 1,56185459285573E-05
255829,215920299 1,76818646320732E-05
256723,565734067 1,08243732803212E-05
257617,915547836 8,90782813260429E-06
258512,265361604 1,38994977402668E-05
259406,615175373 1,98357221261976E-06
260300,964989141 3,84640093103699E-06
261195,31480291 2,80655529870857E-06
262089,664616678 7,73839356040614E-06
262984,014430447 5,40365002585428E-06
263878,364244215 1,17249689869019E-05
264772,714057984 3,50851875141315E-06
265667,063871752 5,3849031781965E-06
266561,413685521 1,17764651263296E-05
267455,763499289 1,4939813549615E-06
268350,113313058 1,04322122178229E-05
269244,463126826 4,8702087632832E-06
270138,812940595 5,1361945813249E-06
271033,162754363 1,35810858516035E-05
271927,512568132 7,49831819349769E-06
272821,8623819 4,64862429108204E-06
273716,212195669 3,15851691836403E-06
274610,562009437 1,14350205937377E-05
275504,911823206 8,81700702637648E-06
276399,261636974 9,26956106865816E-06
277293,611450743 9,12566194420967E-06
278187,961264511 6,22051828207221E-06
279082,311078279 1,42615739225264E-05
279976,660892048 1,43445357283148E-05
280871,010705816 8,71489197343766E-06
281765,360519585 9,04970129000773E-06
282659,710333353 1,08165636381495E-05
283554,060147122 2,18873997702903E-05
284448,40996089 2,84768842471089E-06
285342,759774659 9,62727225016965E-06
286237,109588427 1,89884403773756E-05
287131,459402196 8,91589857501184E-06
288025,809215964 3,87004689338415E-06
288920,159029733 1,01564948006542E-05
289814,508843501 3,98977343581411E-06
290708,85865727 1,06715845226646E-05
291603,208471038 1,75244189366706E-05
292497,558284807 2,24622514776719E-05
293391,908098575 2,56391998981904E-06
294286,257912344 6,37332476642638E-06
295180,607726112 8,72160421063703E-06
296074,957539881 6,88404031661218E-06
296969,307353649 1,31914225018806E-05
297863,657167418 6,97498405065364E-06
298758,006981186 7,83770389473622E-06
299652,356794955 1,26565696259039E-05
300546,706608723 3,11871333000813E-06
301441,056422492 2,18626414019525E-05
302335,40623626 1,18254851920916E-05
303229,756050028 2,00261645780662E-05
304124,105863797 1,4958662646633E-05
305018,455677565 1,28906646752321E-05
305912,805491334 1,64001702272156E-05
306807,155305102 9,35209437533281E-06
307701,505118871 2,32827222102954E-05
308595,854932639 6,61593256790767E-06
309490,204746408 4,42545151405989E-06
310384,554560176 2,25835104604867E-05
311278,904373945 1,658374317155E-05
312173,254187713 8,43496950605683E-06
313067,604001482 1,47315710482029E-05
313961,95381525 2,96430340544315E-05
314856,303629019 7,66141188720448E-06
315750,653442787 2,20211667360563E-05
316645,003256556 1,53235164887239E-05
317539,353070324 1,94407961254373E-05
318433,702884093 1,58811336818165E-05
319328,052697861 6,8990366966248E-06
320222,40251163 1,9263269721698E-05
321116,752325398 1,91672875572574E-05
322011,102139167 2,85700293553302E-05
322905,451952935 4,90944590775762E-06
323799,801766703 1,52512629315517E-05
324694,151580472 1,13149624656471E-05
325588,50139424 2,49913128089774E-05
326482,851208009 1,40799637020909E-05
327377,201021777 2,4193178559213E-05
328271,550835546 1,14842115948969E-05
329165,900649314 1,32226071144085E-05
330060,250463083 1,14555080199447E-05
330954,600276851 2,18328870896939E-05
331848,95009062 1,5557219982748E-05
332743,299904388 6,49241031046303E-06
333637,649718157 5,32877546706246E-06
334531,999531925 1,56938155062943E-05
335426,349345694 1,44440421699047E-05
336320,699159462 1,92155486749203E-05
337215,048973231 1,8782295182488E-05
338109,398786999 1,7666530834963E-05
339003,748600768 2,10531624284185E-05
339898,098414536 1,34090816070077E-05
340792,448228305 1,83350811657536E-05
341686,798042073 7,57385276341408E-06
342581,147855842 1,81281435851028E-05
343475,49766961 1,56179529522085E-05
344369,847483379 1,40090844616697E-05
345264,197297147 6,82449753980328E-06
346158,547110915 3,3635428160123E-06
347052,896924684 1,18009985783221E-05
347947,246738452 2,92168418208042E-06
348841,596552221 2,85733944244423E-06
349735,946365989 6,21483300986453E-06
350630,296179758 4,48787903836454E-06
351524,645993526 6,32390840891059E-06
352418,995807295 3,42115733119823E-06
353313,345621063 4,77298511517832E-06
354207,695434832 4,11885120746987E-06
355102,0452486 5,84652516091451E-06
355996,395062369 5,73894704557534E-06
356890,744876137 3,3533618815652E-06
357785,094689906 1,05321687352615E-05
358679,444503674 7,47979907659399E-06
359573,794317443 3,48887029053572E-06
360468,144131211 4,3737932469501E-06
361362,49394498 6,28385313328486E-06
362256,843758748 1,5567258040816E-06
363151,193572517 9,44402271768032E-07
364045,543386285 6,52474971322249E-06
364939,893200054 1,64494560673513E-06
365834,243013822 5,63471418569272E-06
366728,592827591 7,91147602844041E-06
367622,942641359 5,76919686555467E-06
368517,292455128 1,9425374090715E-06
369411,642268896 2,29069782559599E-06
370305,992082664 4,61692568101382E-06
371200,341896433 8,62909027197103E-06
372094,691710201 1,1475773612716E-06
372989,04152397 8,31554952472021E-06
373883,391337738 7,27282502142055E-06
374777,741151507 6,4390005181532E-06
375672,090965275 1,12221206629021E-05
376566,440779044 3,3917257384159E-06
377460,790592812 1,81728058400677E-06
378355,140406581 3,39135115533335E-06
379249,490220349 5,72185427630538E-06
380143,840034118 3,16025626874489E-07
381038,189847886 6,44265988965198E-06
381932,539661655 3,97642580777765E-06
382826,889475423 1,72462453780833E-06
383721,239289192 7,7452946970194E-06
384615,58910296 8,59430637450042E-06
385509,938916729 5,87769767169502E-06
386404,288730497 2,67925622291615E-06
387298,638544266 1,00089873505803E-05
388192,988358034 4,08050765718089E-06
389087,338171803 1,02360725136469E-05
389981,687985571 7,66066912521993E-06
390876,03779934 4,72633765124869E-06
391770,387613108 2,30758072615967E-05
392664,737426877 1,27251592996032E-05
393559,087240645 1,5095768918762E-05
394453,437054413 1,23890003841352E-05
395347,786868182 1,90350414710663E-06
396242,13668195 1,16003909760505E-05
397136,486495719 4,04706783274589E-06
398030,836309487 1,33615260181179E-05
398925,186123256 5,02521733297193E-06
399819,535937024 1,72310055738797E-05
400713,885750793 7,34661418930531E-06
401608,235564561 4,15598006280204E-06
402502,58537833 2,26774942022338E-05
403396,935192098 1,02021394380526E-05
404291,285005867 9,60109613689661E-06
405185,634819635 7,5922361214524E-06
406079,984633404 2,08387122286096E-05
406974,334447172 4,78156616704245E-06
407868,684260941 6,06037985952047E-06
408763,034074709 7,9019569927929E-06
409657,383888478 1,03801329022654E-05
410551,733702246 3,80886772675656E-06
411446,083516015 8,02192495574971E-06
412340,433329783 4,08896659973842E-06
413234,783143552 1,31874607979987E-05
414129,13295732 1,64542182763149E-06
415023,482771088 1,45453819286319E-05
415917,832584857 9,93313364668211E-06
416812,182398625 1,57823872791296E-05
417706,532212394 3,32100772476843E-06
418600,882026162 2,08987396434788E-06
419495,231839931 2,35681600854809E-05
420389,581653699 1,11338982723436E-05
421283,931467468 3,83279188343728E-06
422178,281281236 6,38801403382089E-06
423072,631095005 1,46764883117208E-05
423966,980908773 9,44589628311417E-06
424861,330722542 1,22718573343353E-05
425755,68053631 4,39789280475342E-06
426650,030350079 1,0818350928381E-05
427544,380163847 1,57810452582275E-05
428438,729977616 8,9346183648634E-06
429333,079791384 9,59307096641134E-06
430227,429605153 5,88834587030065E-07
431121,779418921 1,12453569217741E-05
432016,12923269 4,57101561885771E-06
432910,479046458 5,36381685544089E-06
433804,828860227 1,77914227783856E-05
434699,178673995 1,1545025204476E-05
435593,528487764 8,51745718591537E-06
436487,878301532 1,94667664372813E-06
437382,228115301 1,34766179551499E-06
438276,577929069 2,30048060832049E-06
439170,927742837 4,74366373456451E-06
440065,277556606 9,43106898562275E-07
440959,627370374 4,65924278521475E-06
441853,977184143 2,67010876769865E-06
442748,326997911 1,96756169021951E-06
443642,67681168 4,37336096914533E-06
444537,026625448 2,24688404343907E-06
445431,376439217 7,83787660763979E-06
446325,726252985 1,17375830054488E-06
447220,076066754 4,3536853556856E-06
448114,425880522 3,0080698714975E-06
449008,775694291 5,68662392257171E-06
449903,125508059 3,35430814864628E-06
450797,475321828 2,62339379010981E-06
451691,825135596 3,50233772894112E-06
452586,174949365 4,53341048017966E-06
453480,524763133 3,65051713735074E-06
454374,874576902 6,20854200435586E-06
455269,22439067 4,66247880229241E-06
456163,574204439 2,5595782891497E-06
457057,924018207 3,24053580144704E-06
457952,273831976 3,53316493210755E-06
458846,623645744 6,18087215092034E-06
459740,973459513 2,79909308410096E-06
460635,323273281 9,15085157240504E-06
461529,673087049 7,60909724387116E-06
462424,022900818 4,79828287600342E-06
463318,372714586 5,49574192280654E-06
464212,722528355 1,33718167208489E-05
465107,072342123 6,47685251455911E-06
466001,422155892 4,07176471895221E-06
466895,77196966 5,55508038587937E-07
467790,121783429 1,10191156618817E-05
468684,471597197 5,08067199474384E-06
469578,821410966 6,65652135566515E-06
470473,171224734 6,04263968700404E-06
471367,521038503 8,09857745370728E-06
472261,870852271 7,67202072906924E-06
473156,22066604 9,16261005668109E-06
474050,570479808 6,02978594812899E-06
474944,920293577 9,68395348056676E-06
475839,270107345 1,19844198489928E-05
476733,619921114 9,27631449173133E-06
477627,969734882 8,72085706884153E-06
478522,319548651 4,95666629476033E-06
479416,669362419 1,07491335045355E-05
480311,019176188 6,73358259868244E-06
481205,368989956 6,73642181808998E-06
482099,718803725 8,37773093668306E-06
482994,068617493 7,49578897181513E-06
483888,418431262 8,91613132308335E-06
484782,76824503 1,21579700780577E-05
485677,118058798 1,17402042350422E-05
486571,467872567 3,22933592097753E-06
487465,817686335 1,57869477810069E-05
488360,167500104 1,12935425409863E-05
489254,517313872 1,1395707106989E-05
490148,867127641 4,04160678806473E-06
491043,216941409 1,13710185980947E-05
491937,566755178 1,45513233104326E-05
492831,916568946 8,53279920599393E-06
493726,266382715 1,56755319097974E-05
494620,616196483 1,53734630209067E-05
495514,966010252 2,97729078759004E-05
496409,31582402 4,74050461754262E-06
497303,665637789 4,13773356097697E-06
498198,015451557 1,60777690473064E-05
499092,365265326 1,70500381330838E-05
499986,715079094 1,4217837711331E-05
500881,064892863 1,30003445731015E-05
501775,414706631 1,56257609184861E-05
502669,7645204 1,1988654671243E-05
503564,114334168 1,11295944892151E-05
504458,464147937 8,608713193679E-06
505352,813961705 1,20206314965649E-05
506247,163775473 1,22168116693099E-05
507141,513589242 1,55063830450154E-05
508035,86340301 2,24145859239199E-05
508930,213216779 1,38774120719615E-05
509824,563030547 4,77686894770364E-06
510718,912844316 2,6700696380383E-05
511613,262658084 2,00369428886493E-05
512507,612471853 8,75216119685249E-06
513401,962285621 1,42017635228693E-05
514296,31209939 1,39060611359241E-05
515190,661913158 1,31204250484758E-05
516085,011726927 1,46121924039141E-05
516979,361540695 1,22361270819977E-05
517873,711354464 8,87000605197803E-06
518768,061168232 8,57719086457689E-06
519662,410982001 1,25964665798589E-05
520556,760795769 8,84186703902521E-06
521451,110609538 7,79240712918321E-06
522345,460423306 5,58442332646738E-06
523239,810237075 2,00993211797122E-05
524134,160050843 4,8600495397906E-06
525028,509864612 9,47434052087252E-06
525922,85967838 9,71352547577704E-06
526817,209492148 1,26307498956532E-06
527711,559305917 8,13319456477795E-06
528605,909119686 4,23191499564662E-06
529500,258933454 1,15612352066933E-05
530394,608747222 2,1319519013798E-05
531288,958560991 8,984458825754E-06
532183,308374759 1,0609878435623E-05
533077,658188528 5,8953023580544E-06
533972,008002296 9,78765771732918E-06
534866,357816065 1,36672892797575E-05
535760,707629833 3,95000272824277E-06
536655,057443602 1,45882687371488E-05
537549,40725737 6,71953836635654E-06
538443,757071139 8,84368478283632E-06
539338,106884907 8,30440332935611E-06
540232,456698676 2,40300635262545E-05
541126,806512444 2,95113498220998E-06
