5411,26806512444 7,54330000140634E-07
6305,61787889292 9,15746709580818E-07
7199,9676926614 1,3464921628311E-07
8094,31750642988 1,09198219671287E-06
8988,66732019836 1,21427855772793E-07
9883,01713396685 8,12334721810354E-07
10777,3669477353 9,13902574029193E-07
11671,7167615038 1,14408775255667E-06
12566,0665752723 1,12250782424727E-06
13460,4163890408 8,66174438828505E-07
14354,7662028092 1,43438945495471E-06
15249,1160165777 9,37714447807476E-07
16143,4658303462 9,71758954585421E-07
17037,8156441147 8,27621545921013E-07
17932,1654578832 1,04688596608865E-06
18826,5152716517 1,03580434428048E-06
19720,8650854201 1,23226075068173E-06
20615,2148991886 8,12267682625011E-07
21509,5647129571 2,64949558938885E-07
22403,9145267256 5,67650125492909E-07
23298,2643404941 5,48244984974169E-07
24192,6141542625 7,12389442991119E-07
25086,963968031 1,87860895458515E-07
25981,3137817995 1,01223862323324E-06
26875,663595568 5,73150646144079E-07
27770,0134093365 5,2094755261182E-07
28664,3632231049 1,19560508654938E-06
29558,7130368734 1,12229034109848E-06
30453,0628506419 8,41074438299028E-07
31347,4126644104 8,33469853838649E-07
32241,7624781789 4,7284690683416E-07
33136,1122919473 5,9399976628772E-07
34030,4621057158 1,04107826512874E-06
34924,8119194843 4,99977368536025E-07
35819,1617332528 2,87182845480707E-07
36713,5115470213 7,50521674087784E-07
37607,8613607897 1,26037263520355E-06
38502,2111745582 1,12183363058723E-06
39396,5609883267 1,15623364687451E-06
40290,9108020952 6,34700964569477E-07
41185,2606158637 1,83929866140952E-06
42079,6104296321 2,22506588941233E-07
42973,9602434006 2,67042168146799E-07
43868,3100571691 8,94837728726222E-07
44762,6598709376 1,27083999625159E-06
45657,0096847061 6,1161052207495E-07
46551,3594984745 8,77921598122868E-07
47445,709312243 1,42403129935998E-06
48340,0591260115 4,30756522272428E-07
49234,40893978 1,09242366045187E-06
50128,7587535485 2,28533143598898E-06
51023,1085673169 1,34505007410517E-07
51917,4583810854 7,65081689667167E-07
52811,8081948539 2,95914994893315E-07
53706,1580086224 1,25686089996587E-06
54600,5078223909 8,46104158440797E-07
55494,8576361594 8,61825568331316E-07
56389,2074499278 3,5857443771901E-07
57283,5572636963 1,25793325893236E-06
58177,9070774648 9,26129219998813E-07
59072,2568912333 8,96378019626141E-08
59966,6067050018 8,98546190778507E-07
60860,9565187702 1,25901968771128E-06
61755,3063325387 2,3700668220158E-06
62649,6561463072 1,36058734043542E-06
63544,0059600757 6,10021470935014E-07
64438,3557738442 1,39259001185623E-06
65332,7055876126 1,87716348286691E-06
66227,0554013811 1,1160752965207E-06
67121,4052151496 2,34417147206949E-06
68015,7550289181 2,14219593850995E-06
68910,1048426865 1,64590669320701E-06
69804,454656455 2,12551597577278E-06
70698,8044702235 2,46203583756597E-06
71593,154283992 7,55285706664296E-07
72487,5040977605 7,30736336400466E-07
73381,853911529 5,59626413465194E-07
74276,2037252974 5,86796311358045E-07
75170,5535390659 1,75234194871529E-07
76064,9033528344 4,49541795672755E-07
76959,2531666029 9,13017780600501E-07
77853,6029803714 7,94902176510893E-07
78747,9527941398 3,52335260893819E-07
79642,3026079083 3,61661353208085E-07
80536,6524216768 4,70833535155205E-07
81431,0022354453 3,54343060175535E-07
82325,3520492138 9,54908017281127E-07
83219,7018629822 1,0822305655487E-06
84114,0516767507 2,64264174506652E-07
85008,4014905192 7,58624070298713E-07
85902,7513042877 6,5527041089515E-07
86797,1011180562 4,70513152947855E-07
87691,4509318246 1,01078652577492E-06
88585,8007455931 4,26995761131865E-07
89480,1505593616 1,008438992739E-07
90374,5003731301 6,74174676515998E-07
91268,8501868986 6,20982171463229E-07
92163,200000667 2,08778339209957E-07
93057,5498144355 5,17796630065739E-07
93951,899628204 8,60392759328967E-07
94846,2494419725 3,80219631815565E-07
95740,599255741 2,76866188444395E-07
96634,9490695094 3,43846965115822E-07
97529,2988832779 1,88148356975187E-07
98423,6486970464 5,98687640388259E-07
99317,9985108149 2,9167347096586E-07
100212,348324583 2,88377046699001E-07
101106,698138352 5,46472804418215E-07
102001,04795212 1,76400360056325E-07
102895,397765889 9,11823755939321E-07
103789,747579657 4,50227484740282E-07
104684,097393426 6,75054037393618E-07
105578,447207194 6,72630766417615E-07
106472,797020963 6,58852476422729E-07
107367,146834731 1,08305732109333E-07
108261,4966485 1,66065169926868E-07
109155,846462268 1,98181695908282E-07
110050,196276037 4,20742630458637E-07
110944,546089805 6,06027706744591E-07
111838,895903574 4,25328022106098E-07
112733,245717342 4,28863162233125E-07
113627,595531111 4,90284038858218E-07
114521,945344879 6,4778176397799E-07
115416,295158648 2,10913787203286E-07
116310,644972416 4,65004634782432E-07
117204,994786185 2,48751890503671E-07
118099,344599953 2,0524112101071E-07
118993,694413721 8,06371155706469E-07
119888,04422749 7,6553046997494E-07
120782,394041258 1,00155772651284E-06
121676,743855027 6,72564983697513E-07
122571,093668795 3,75154614144554E-07
123465,443482564 3,55731120489044E-07
124359,793296332 2,94707474923628E-07
125254,143110101 7,12653711192497E-07
126148,492923869 8,38888833411312E-07
127042,842737638 4,85142827129565E-07
127937,192551406 3,60288312436143E-07
128831,542365175 1,43308421928244E-07
129725,892178943 5,07007357822127E-07
130620,241992712 4,94401757392815E-07
131514,59180648 7,84502417998599E-07
132408,941620249 5,90885793923381E-07
133303,291434017 9,12977972333903E-07
134197,641247786 4,22841891628962E-07
135091,991061554 4,78618493333971E-07
135986,340875323 2,58052737836565E-07
136880,690689091 4,32827586821725E-07
137775,04050286 5,52457639510821E-07
138669,390316628 6,38072419487057E-07
139563,740130397 5,0970281721259E-07
140458,089944165 2,39894203394763E-07
141352,439757933 5,67662641938688E-07
142246,789571702 7,49370290412242E-07
143141,13938547 4,49379995461513E-07
144035,489199239 8,91768733658895E-07
144929,839013007 3,17653556894495E-07
145824,188826776 5,89312652872662E-07
146718,538640544 6,08926500814455E-07
147612,888454313 5,76360784785501E-07
148507,238268081 9,79570385638406E-07
149401,58808185 2,65842894907647E-07
150295,937895618 5,1889735872533E-07
151190,287709387 5,53997573252809E-07
152084,637523155 4,75332819045442E-07
152978,987336924 4,44935210354182E-07
153873,337150692 3,03248659378911E-07
154767,686964461 5,53854533140151E-08
155662,036778229 2,41836628817686E-07
156556,386591998 2,75808451992748E-07
157450,736405766 3,87958534415844E-07
158345,086219535 4,26757401947459E-07
159239,436033303 7,63438817690537E-08
160133,785847072 4,71128429542448E-07
161028,13566084 7,92584430583543E-07
161922,485474609 4,85826726351169E-07
162816,835288377 2,89963729984365E-07
163711,185102145 1,91130619307904E-07
164605,534915914 3,69067013220658E-07
165499,884729682 4,96506404921148E-07
166394,234543451 3,31404345498568E-08
167288,584357219 3,30934737854315E-07
168182,934170988 5,86151925262878E-07
169077,283984756 1,59261806873751E-07
169971,633798525 3,76344681527989E-07
170865,983612293 4,49142569098415E-07
171760,333426062 1,14687467928699E-06
172654,68323983 8,24290625128149E-07
173549,033053599 2,22600212603034E-07
174443,382867367 4,59976175090821E-07
175337,732681136 4,22315546489255E-07
176232,082494904 6,99218871196113E-08
177126,432308673 8,33580393411524E-07
178020,782122441 7,14740850181051E-07
178915,13193621 3,79611119600204E-07
179809,481749978 3,23364756868854E-07
180703,831563747 1,39788015371721E-06
181598,181377515 1,80712490602342E-07
182492,531191284 7,87312957876058E-07
183386,881005052 9,02362963751041E-07
184281,230818821 9,15953860774559E-07
185175,580632589 3,33849312428776E-07
186069,930446357 6,37320119338832E-07
186964,280260126 3,45299824755086E-07
187858,630073894 3,79358301058272E-07
188752,979887663 3,82561701126242E-07
189647,329701431 5,86841143297909E-07
190541,6795152 5,7521061606063E-07
191436,029328968 7,74761514642009E-07
192330,379142737 1,29641624715079E-06
193224,728956505 7,47975590642561E-07
194119,078770274 6,24157927625741E-07
195013,428584042 4,58571343611286E-07
195907,778397811 4,09816042258482E-07
196802,128211579 1,11107426083846E-06
197696,478025348 8,47218392398336E-07
198590,827839116 2,75789254535373E-07
199485,177652885 8,98843637189488E-07
200379,527466653 5,71360348470093E-07
201273,877280422 7,6541603958318E-07
202168,22709419 1,0840615962127E-06
203062,576907959 7,04133568870021E-07
203956,926721727 4,69933721328963E-07
204851,276535496 1,06436342106954E-06
205745,626349264 7,9562943220655E-07
206639,976163033 2,66615580692314E-07
207534,325976801 8,09675916689971E-07
208428,675790569 3,6829481372043E-07
209323,025604338 2,41601045454137E-07
210217,375418106 3,07277767710453E-07
211111,725231875 1,46298678193373E-07
212006,075045643 9,21843894135029E-07
212900,424859412 1,4015911367377E-07
213794,77467318 2,66717838294554E-07
214689,124486949 6,70189712281878E-07
215583,474300717 4,99053294506741E-07
216477,824114486 5,04006790889429E-07
217372,173928254 6,83337875048878E-07
218266,523742023 3,50197789489606E-07
219160,873555791 6,4829761570808E-07
220055,22336956 6,57150804531224E-07
220949,573183328 3,13373009952332E-07
221843,922997097 5,0465662434082E-07
222738,272810865 7,21753211064057E-07
223632,622624634 4,84894765325738E-07
224526,972438402 7,68946735206609E-07
225421,322252171 5,09638111252435E-07
226315,672065939 2,97675573994625E-07
227210,021879708 6,79209188580773E-07
228104,371693476 2,77984014927498E-07
228998,721507245 7,54867160632146E-07
229893,071321013 1,20590377767986E-06
230787,421134782 6,20429455508143E-07
231681,77094855 2,90865813966041E-07
232576,120762318 9,33417483057983E-07
233470,470576087 2,31685144993582E-07
234364,820389855 1,62458984590925E-07
235259,170203624 3,75788481478652E-07
236153,520017392 5,02770091141298E-07
237047,869831161 1,32377103363281E-07
237942,219644929 3,91247165753977E-07
238836,569458698 1,32141302240103E-06
239730,919272466 2,91026105453014E-07
240625,269086235 8,6771032614955E-07
241519,618900003 2,53920650277011E-07
242413,968713772 1,04984599608191E-06
243308,31852754 5,39479051740704E-07
244202,668341309 6,99197964744883E-07
245097,018155077 7,16786903106356E-07
245991,367968846 3,41352963226908E-07
246885,717782614 5,32784746695782E-07
247780,067596383 7,04636923505734E-07
248674,417410151 5,62451120594888E-07
249568,76722392 4,52315866166752E-07
250463,117037688 5,26006615822433E-07
251357,466851457 1,82731195063768E-07
252251,816665225 2,69212027384437E-07
253146,166478994 3,55330182643072E-07
254040,516292762 1,06279261571485E-06
254934,86610653 5,79938420369623E-07
255829,215920299 3,57420838348613E-07
256723,565734067 4,70871922805414E-07
257617,915547836 5,64583729811275E-07
258512,265361604 5,89881730397537E-07
259406,615175373 5,24165747102253E-07
260300,964989141 9,34714775808439E-07
261195,31480291 1,25778664506073E-06
262089,664616678 4,3141401659565E-07
262984,014430447 1,34773559641348E-06
263878,364244215 2,43718321728993E-07
264772,714057984 5,46420353173735E-07
265667,063871752 5,34147271604731E-07
266561,413685521 4,65445905874192E-07
267455,763499289 3,15644627230149E-07
268350,113313058 7,5225594611775E-07
269244,463126826 7,0189852752937E-07
270138,812940595 4,19823253663717E-07
271033,162754363 2,12874212732294E-07
271927,512568132 1,01073263486278E-06
272821,8623819 6,50207824158169E-07
273716,212195669 6,6086839591043E-07
274610,562009437 7,1374913210005E-07
275504,911823206 4,40082978421908E-07
276399,261636974 1,45116033347163E-07
277293,611450743 1,04779368388698E-06
278187,961264511 2,34358848156655E-07
279082,311078279 3,12211027740205E-07
279976,660892048 3,16237727109107E-07
280871,010705816 9,70032013998516E-07
281765,360519585 7,71464232526941E-07
282659,710333353 1,61394701541896E-07
283554,060147122 4,71081860230525E-07
284448,40996089 1,81313101046546E-07
285342,759774659 3,83272700089083E-07
286237,109588427 1,50407578796307E-07
287131,459402196 7,37604037819688E-07
288025,809215964 6,77713899429311E-07
288920,159029733 7,52296794540467E-07
289814,508843501 2,04333945503284E-07
290708,85865727 3,67049141921531E-07
291603,208471038 1,49808207050925E-07
292497,558284807 2,42339960444163E-07
293391,908098575 9,47730501269423E-07
294286,257912344 6,07991502346987E-07
295180,607726112 8,87863544189005E-07
296074,957539881 7,81913353780449E-07
296969,307353649 6,03520418323215E-07
297863,657167418 5,73990421186815E-07
298758,006981186 2,17857656044443E-07
299652,356794955 2,58777708250192E-07
300546,706608723 7,23514681261148E-07
301441,056422492 7,62196607043769E-07
302335,40623626 9,59042735194013E-07
303229,756050028 9,49717260237547E-07
304124,105863797 1,01844279327357E-06
305018,455677565 3,22839371740464E-07
305912,805491334 1,71167887084253E-07
306807,155305102 9,02886309825903E-07
307701,505118871 3,78139800742579E-07
308595,854932639 1,72084576915566E-07
309490,204746408 6,25425246432479E-07
310384,554560176 1,29667987101362E-07
311278,904373945 3,26623430380268E-07
312173,254187713 2,63314565935659E-07
313067,604001482 2,75375528881943E-07
313961,95381525 5,53652370147197E-07
314856,303629019 9,15201468783387E-07
315750,653442787 7,37272359701634E-07
316645,003256556 5,9874684157243E-07
317539,353070324 5,04848568505278E-07
318433,702884093 9,37331815044303E-08
319328,052697861 2,21297816434217E-07
320222,40251163 3,01326203475411E-07
321116,752325398 1,10464428154763E-06
322011,102139167 2,47204396424444E-07
322905,451952935 4,31635244505819E-07
323799,801766703 2,24439949916132E-07
324694,151580472 2,2319000449986E-07
325588,50139424 2,66502375299241E-07
326482,851208009 6,57220294296632E-07
327377,201021777 3,2331762311913E-07
328271,550835546 9,26639523072181E-07
329165,900649314 6,61635574496493E-07
330060,250463083 7,72802228639768E-08
330954,600276851 6,6589845051192E-07
331848,95009062 5,60816001558199E-07
332743,299904388 4,80114357742407E-07
333637,649718157 2,83031901483167E-07
334531,999531925 7,51859541356304E-07
335426,349345694 2,99734185732111E-07
336320,699159462 8,41154929893057E-07
337215,048973231 9,56550015044671E-07
338109,398786999 4,67806904645429E-07
339003,748600768 1,48292937473038E-07
339898,098414536 5,94858661348663E-07
340792,448228305 4,37636523610573E-07
341686,798042073 6,8165389819422E-07
342581,147855842 2,55762623127599E-07
343475,49766961 7,10668940598514E-07
344369,847483379 8,53524007924318E-08
345264,197297147 7,9736148989656E-07
346158,547110915 2,64350380773106E-07
347052,896924684 2,33293419752888E-07
347947,246738452 6,38610129732173E-07
348841,596552221 5,37254424676299E-07
349735,946365989 6,68790775632908E-07
350630,296179758 5,0423500628356E-07
351524,645993526 5,95986527098799E-08
352418,995807295 5,68969399340723E-07
353313,345621063 2,65321213156191E-07
354207,695434832 6,35049365644911E-07
355102,0452486 3,62836761361681E-07
355996,395062369 4,1986406784382E-07
356890,744876137 6,99170845217452E-07
357785,094689906 2,37667900910368E-07
358679,444503674 6,1755751613741E-07
359573,794317443 2,4548804443847E-07
360468,144131211 8,20480753833129E-07
361362,49394498 4,43820056440341E-07
362256,843758748 1,57706749662524E-07
363151,193572517 6,97927048060163E-07
364045,543386285 7,01947999577563E-07
364939,893200054 5,80146433583461E-07
365834,243013822 3,98900669213003E-07
366728,592827591 5,46387534254245E-07
367622,942641359 1,41362978780446E-07
368517,292455128 4,96708184310489E-07
369411,642268896 4,74226083828057E-07
370305,992082664 8,84379291065355E-07
371200,341896433 4,88072235531164E-08
372094,691710201 7,59015126729183E-07
372989,04152397 6,63712902945681E-07
373883,391337738 7,02283394660475E-08
374777,741151507 4,45239935959947E-07
375672,090965275 3,78771314353959E-07
376566,440779044 1,49102679318488E-07
377460,790592812 5,49756982821999E-07
378355,140406581 6,09571674026065E-07
379249,490220349 8,04284966369207E-08
380143,840034118 2,46505254806538E-07
381038,189847886 1,7535486028935E-07
381932,539661655 1,99991105366478E-07
382826,889475423 2,05955767092326E-07
383721,239289192 2,95581966573393E-07
384615,58910296 4,90750968099505E-07
385509,938916729 4,97327703423988E-07
386404,288730497 6,33728181427212E-07
387298,638544266 8,01928688351576E-07
388192,988358034 5,9542179608545E-07
389087,338171803 3,89821752934855E-07
389981,687985571 3,38470272636979E-07
390876,03779934 1,35167435173675E-06
391770,387613108 4,71640128883285E-07
392664,737426877 7,80596101411936E-07
393559,087240645 7,85549906058457E-07
394453,437054413 3,63662866346949E-07
395347,786868182 5,14512191529078E-07
396242,13668195 5,53301758330747E-07
397136,486495719 8,11248832127786E-07
398030,836309487 7,77795688085241E-07
398925,186123256 3,53038212529559E-07
399819,535937024 2,61705542679376E-07
400713,885750793 4,12955042950003E-07
401608,235564561 2,73908949140589E-07
402502,58537833 2,23069315420846E-07
403396,935192098 5,04618140722788E-07
404291,285005867 3,36501107244927E-07
405185,634819635 3,82897536588394E-07
406079,984633404 2,13051624022389E-07
406974,334447172 4,52502690905428E-07
407868,684260941 6,07928604443368E-07
408763,034074709 8,88926485307538E-07
409657,383888478 2,21952794128918E-07
410551,733702246 8,44616747416042E-07
411446,083516015 7,98118796768527E-08
412340,433329783 4,22203345038824E-07
413234,783143552 3,52763096756059E-07
414129,13295732 3,61841509847928E-07
415023,482771088 8,66830557378001E-08
415917,832584857 3,07302595633877E-07
416812,182398625 1,97465262752244E-07
417706,532212394 3,28735361312102E-07
418600,882026162 3,3629996506363E-07
419495,231839931 3,69077716954908E-07
420389,581653699 3,85872803472895E-07
421283,931467468 4,94882719303083E-07
422178,281281236 1,09910977825858E-07
423072,631095005 1,80163038799628E-07
423966,980908773 2,36207457497972E-07
424861,330722542 5,00000458590693E-08
425755,68053631 2,01200685040999E-07
426650,030350079 2,99969626903249E-07
427544,380163847 5,54373094165471E-07
428438,729977616 6,12301614204328E-07
429333,079791384 4,60524436391429E-07
430227,429605153 2,6922659981705E-07
431121,779418921 6,58753450214298E-07
432016,12923269 4,11615495782046E-07
432910,479046458 3,02601722009816E-07
433804,828860227 1,32130209181124E-07
434699,178673995 2,90089366837538E-07
435593,528487764 8,62939467638068E-07
436487,878301532 2,43497871419615E-07
437382,228115301 1,61172088336637E-07
438276,577929069 7,43948755913661E-07
439170,927742837 8,29669418394004E-08
440065,277556606 3,87459389684949E-07
440959,627370374 3,06686280411952E-07
441853,977184143 1,83320609836931E-07
442748,326997911 3,51198863603702E-07
443642,67681168 3,23403109146806E-07
444537,026625448 1,11589095958321E-06
445431,376439217 1,07444608237972E-07
446325,726252985 7,0554784583394E-07
447220,076066754 3,09302461377055E-07
448114,425880522 3,08430910948914E-07
449008,775694291 5,86752037711136E-07
449903,125508059 3,35595988749517E-07
450797,475321828 4,18493039751849E-07
451691,825135596 4,9223717773463E-07
452586,174949365 8,60556668743923E-08
453480,524763133 2,34270019636009E-07
454374,874576902 6,85570578570926E-07
455269,22439067 3,38846308767267E-07
456163,574204439 4,74922484828403E-07
457057,924018207 3,98237599789091E-07
457952,273831976 7,82673263429482E-07
458846,623645744 5,54303243537881E-07
459740,973459513 1,95311428269703E-07
460635,323273281 5,08459012356743E-07
461529,673087049 4,09093595640538E-07
462424,022900818 1,09480084057578E-07
463318,372714586 6,52552610103453E-07
464212,722528355 4,06546728141004E-07
465107,072342123 2,18884797407395E-07
466001,422155892 3,26870220198375E-07
466895,77196966 3,01904703577228E-07
467790,121783429 4,69227703316639E-07
468684,471597197 4,49276418118059E-07
469578,821410966 3,51606244565977E-07
470473,171224734 3,32427837312995E-07
471367,521038503 2,51909944346303E-07
472261,870852271 6,50141459749611E-07
473156,22066604 2,16564567640229E-07
474050,570479808 3,94120232956849E-07
474944,920293577 1,45423304535601E-07
475839,270107345 4,02349227999402E-07
476733,619921114 6,4389241396601E-07
477627,969734882 4,50004940891873E-07
478522,319548651 5,58095682884724E-07
479416,669362419 2,28133504369991E-07
480311,019176188 7,73972031419536E-07
481205,368989956 3,83863190955893E-07
482099,718803725 8,53781034132408E-08
482994,068617493 2,34193383305578E-07
483888,418431262 2,91513209787184E-07
484782,76824503 2,35803821653346E-07
485677,118058798 1,63021895436085E-07
486571,467872567 5,89717148054518E-07
487465,817686335 2,15772545465529E-07
488360,167500104 6,26000391484655E-07
489254,517313872 5,79673648629648E-07
490148,867127641 6,7771274284169E-07
491043,216941409 1,02613659085336E-07
491937,566755178 1,02111123535116E-06
492831,916568946 4,41981021634125E-07
493726,266382715 8,87006016382882E-07
494620,616196483 3,81627614240182E-07
495514,966010252 5,54173089378458E-07
496409,31582402 2,35834557437469E-07
497303,665637789 6,02655866508701E-07
498198,015451557 2,62283559288539E-07
499092,365265326 4,88617780550441E-07
499986,715079094 4,95765442056811E-07
500881,064892863 1,1821990971182E-06
501775,414706631 5,7985894755989E-07
502669,7645204 7,73980350426647E-07
503564,114334168 7,18350783634521E-07
504458,464147937 7,26139046007573E-07
505352,813961705 2,3729746216495E-07
506247,163775473 5,64196156839921E-07
507141,513589242 3,01995861041604E-07
508035,86340301 8,42869191673096E-07
508930,213216779 2,56567943907305E-07
509824,563030547 2,11160013082871E-07
510718,912844316 2,9901065989093E-07
511613,262658084 5,20190216519076E-07
512507,612471853 7,66094398417994E-07
513401,962285621 1,69175431056892E-07
514296,31209939 5,35119428068693E-07
515190,661913158 4,04845205210453E-07
516085,011726927 1,61773846305528E-07
516979,361540695 6,46210307168569E-07
517873,711354464 1,50546505633035E-07
518768,061168232 8,8313708569954E-07
519662,410982001 3,81082362752096E-07
520556,760795769 2,69228937669803E-07
521451,110609538 4,81147744245863E-07
522345,460423306 7,59289220658967E-07
523239,810237075 2,98090629535461E-07
524134,160050843 3,25386834120596E-08
525028,509864612 6,68140805390632E-07
525922,85967838 5,96315065545608E-07
526817,209492148 3,83912288676943E-07
527711,559305917 4,60222179256731E-07
528605,909119686 1,34471265320772E-07
529500,258933454 7,16172518791574E-07
530394,608747222 1,06646393373871E-06
531288,958560991 1,09189530297068E-07
532183,308374759 1,75512683250094E-07
533077,658188528 2,82293077811895E-07
533972,008002296 2,8176241371605E-07
534866,357816065 4,36291482494985E-07
535760,707629833 1,95518399492604E-07
536655,057443602 3,77161533309514E-07
537549,40725737 2,60187398860082E-07
538443,757071139 3,98484606132236E-08
539338,106884907 1,42792448350422E-07
540232,456698676 1,93668543835337E-07
541126,806512444 1,69994977143641E-07
